flux,flux_err,quality,timecorr,centroid_col,centroid_row,cadenceno,sap_flux,sap_flux_err,sap_bkg,sap_bkg_err,pdcsap_flux,pdcsap_flux_err,sap_quality,psf_centr1,psf_centr1_err,psf_centr2,psf_centr2_err,mom_centr1,mom_centr1_err,mom_centr2,mom_centr2_err,pos_corr1,pos_corr2
1.0000023,0.0001359534,0,0.0007345662,818.4939086654742,196.20746800217023,568,50778.94,7.079526,1984.1012,0.2897747,55407.74,7.5328536,0,,,,,818.4939086654742,0.00019252017,196.20746800217023,0.00020346267,-0.0004961092,0.005752014
0.99991643,0.00013585102,0,0.00073559396,818.493922229919,196.2070986107894,569,50775.754,7.0793324,1983.9786,0.28987303,55402.984,7.527181,0,,,,,818.493922229919,0.0001925125,196.2070986107894,0.00020348965,-0.00033128526,0.005164423
0.99980783,0.00013634,0,0.00073662173,818.4950579903373,196.207064453018,570,50770.07,7.0790315,1982.3221,0.2900722,55396.965,7.5542736,0,,,,,818.4950579903373,0.00019251455,196.207064453018,0.00020346603,4.3476834e-05,0.0052283783
1.0000753,0.00013582132,0,0.0007376495,818.4952370508129,196.2072091989591,571,50784.438,7.079748,1983.0579,0.29001445,55411.79,7.525535,0,,,,,818.4952370508129,0.00019247939,196.2072091989591,0.00020342864,0.0009297124,0.005267358
0.99977624,0.00013611859,0,0.00073867734,818.4963906170979,196.2070771627093,572,50770.12,7.079028,1983.3741,0.29015902,55395.215,7.542006,0,,,,,818.4963906170979,0.00019250857,196.2070771627093,0.000203493,0.0011983088,0.004968439
1.000073,0.00013607065,0,0.0007397051,818.4965761016158,196.20747037782766,573,50784.23,7.079716,1983.0911,0.2900786,55411.652,7.53935,0,,,,,818.4965761016158,0.00019244767,196.20747037782766,0.000203457,0.0017906275,0.005448529
0.99989974,0.00013608653,0,0.0007407329,818.496850594377,196.20709091128953,574,50775.24,7.079225,1981.2142,0.29014194,55402.06,7.5402293,0,,,,,818.496850594377,0.00019252785,196.20709091128953,0.0002034982,0.0018994143,0.0049549863
0.99973863,0.00013621684,0,0.00074176065,818.4965950990434,196.20756530263742,575,50765.824,7.0789456,1983.2671,0.28991452,55393.133,7.54745,0,,,,,818.4965950990434,0.00019249985,196.20756530263742,0.00020351335,0.0018676874,0.0050171227
1.0001459,0.00013623339,0,0.0007427884,818.496429150312,196.2074734203361,576,50787.355,7.079827,1983.4141,0.28959876,55415.695,7.548367,0,,,,,818.496429150312,0.00019246122,196.2074734203361,0.00020345715,0.0019118993,0.0048453626
1.0002507,0.00013621371,0,0.0007438162,818.4971400762912,196.20731473550285,577,50792.016,7.0799613,1982.192,0.2901713,55421.504,7.547277,0,,,,,818.4971400762912,0.00019242568,196.20731473550285,0.00020343685,0.0020964514,0.0050933086
1.000204,0.00013647023,0,0.000744844,818.497290880562,196.20683992089386,578,50790.555,7.0798244,1980.9716,0.2899405,55418.914,7.5614896,0,,,,,818.497290880562,0.00019241056,196.20683992089386,0.00020342121,0.001923975,0.0043799207
1.0001234,0.00013668508,0,0.00074587174,818.4968069139552,196.20693306624787,579,50783.664,7.0796285,1981.4407,0.28976107,55414.45,7.573394,0,,,,,818.4968069139552,0.00019246808,196.20693306624787,0.00020347578,0.0019937397,0.004747887
1.0000306,0.00013709647,0,0.0007468995,818.4964206014845,196.20716518086567,580,50780.33,7.0794897,1983.1145,0.2898106,55409.31,7.5961885,0,,,,,818.4964206014845,0.00019247431,196.20716518086567,0.00020351754,0.0016129449,0.004293901
1.0001254,0.00013743938,0,0.0007479273,818.4967392883964,196.20659473446227,581,50785.062,7.0796695,1982.2024,0.28990325,55414.56,7.615188,0,,,,,818.4967392883964,0.00019244116,196.20659473446227,0.00020347085,0.0018397043,0.0042843763
0.99971646,0.00013758939,0,0.00074895506,818.4964885265827,196.20713921355394,582,50762.73,7.0787663,1982.3928,0.29005548,55391.902,7.6235,0,,,,,818.4964885265827,0.00019251074,196.20713921355394,0.00020355561,0.0017700366,0.0045672045
0.99988234,0.00013763338,0,0.00074998284,818.495998936683,196.20686356989995,583,50771.055,7.0789714,1981.2853,0.28993252,55401.094,7.625937,0,,,,,818.495998936683,0.00019247968,196.20686356989995,0.00020352888,0.0012984648,0.0041543967
1.0002034,0.00013769562,0,0.0007510106,818.4965124206582,196.20674025323666,584,50786.75,7.07972,1982.3839,0.28993845,55418.88,7.6293855,0,,,,,818.4965124206582,0.0001924518,196.20674025323666,0.00020345049,0.0015717235,0.0042689233
1.0000783,0.00013763818,0,0.0007520384,818.4965396350449,196.2068096485632,585,50781.24,7.0793414,1980.8508,0.29019257,55411.953,7.6262035,0,,,,,818.4965396350449,0.00019243901,196.2068096485632,0.0002034868,0.0017998295,0.004166752
1.0000715,0.00013766714,0,0.00075306615,818.4967247446189,196.20679689409468,586,50779.71,7.0803127,2003.1663,0.28986454,55411.574,7.627808,0,,,,,818.4967247446189,0.00019249809,196.20679689409468,0.00020356788,0.00186001,0.004072551
1.0000937,0.00013779201,0,0.00075409387,818.4977854559581,196.20651785055054,587,50781.72,7.0796866,1981.746,0.2900219,55412.805,7.6347265,0,,,,,818.4977854559581,0.00019246129,196.20651785055054,0.00020351286,0.002408992,0.004257069
1.0000598,0.00013779468,0,0.00075512164,818.4969864183572,196.20690313616154,588,50780.617,7.079335,1980.0382,0.29008922,55410.93,7.6348743,0,,,,,818.4969864183572,0.00019243232,196.20690313616154,0.0002034943,0.0020018537,0.0039519602
0.9998256,0.00013793413,0,0.00075614935,818.4970823331425,196.20638585598329,589,50767.996,7.0788655,1980.8353,0.2898424,55397.95,7.6426005,0,,,,,818.4970823331425,0.0001924765,196.20638585598329,0.00020354042,0.0020766337,0.0036301159
0.9996393,0.00013790271,0,0.0007571771,818.497127638614,196.2058639652049,590,50758.594,7.0784273,1980.4406,0.28991118,55387.625,7.6408596,0,,,,,818.497127638614,0.00019254643,196.2058639652049,0.0002035852,0.001993613,0.0033644848
1.0001307,0.00013783634,0,0.00075820484,818.4967628396815,196.2058876890228,591,50784.258,7.0795846,1982.2616,0.289817,55414.855,7.637182,0,,,,,818.4967628396815,0.00019245881,196.2058876890228,0.00020350143,0.0022124818,0.0030540794
1.0000567,0.00013799718,0,0.0007592326,818.4980517700285,196.20626363748227,592,50778.336,7.0793753,1980.33,0.29002753,55410.758,7.6460943,0,,,,,818.4980517700285,0.00019247833,196.20626363748227,0.0002035341,0.0027508247,0.0036618772
0.99988306,0.0001379177,0,0.0007602604,818.4981014437585,196.2058604894861,593,50769.98,7.078884,1981.1938,0.2901076,55401.133,7.6416907,0,,,,,818.4981014437585,0.00019248547,196.2058604894861,0.00020359182,0.002924205,0.0028969082
1.0001441,0.00013798424,0,0.0007612881,818.4980442072748,196.20588078429768,594,50782.08,7.0795326,1981.9907,0.29021052,55415.6,7.6453776,0,,,,,818.4980442072748,0.00019243394,196.20588078429768,0.00020349871,0.0028139642,0.0036930756
0.9998343,0.00013808209,0,0.0007623158,818.4978869195895,196.20626171995883,595,50765.598,7.078836,1981.8547,0.2901788,55398.434,7.6507993,0,,,,,818.4978869195895,0.00019251043,196.20626171995883,0.00020357812,0.0029042491,0.0035409136
1.0000817,0.00013801771,0,0.00076334353,818.497962596952,196.2060198015204,596,50778.293,7.0793815,1981.0068,0.28991586,55412.137,7.647232,0,,,,,818.497962596952,0.00019244618,196.2060198015204,0.00020350848,0.003026857,0.0035040365
1.000082,0.00013801747,0,0.00076437125,818.4983386799282,196.20643184721536,597,50778.81,7.07942,1980.9025,0.2899444,55412.156,7.647218,0,,,,,818.4983386799282,0.00019246277,196.20643184721536,0.00020351491,0.003083513,0.003365635
1.0002784,0.00013825424,0,0.00076539896,818.4980749916028,196.2067913910733,598,50788.04,7.079735,1981.5992,0.29000592,55423.04,7.6603374,0,,,,,818.4980749916028,0.00019244237,196.2067913910733,0.00020347412,0.0028515826,0.0038158956
0.9999814,0.00013799289,0,0.00076642673,818.4974404034438,196.2063896564579,599,50774.32,7.079105,1980.3169,0.28986582,55406.582,7.645857,0,,,,,818.4974404034438,0.0001924633,196.2063896564579,0.0002035386,0.0024561733,0.0032401208
0.999916,0.00013828102,8192,0.0007674544,818.4976535976921,196.20591165349015,600,50770.12,7.079071,1980.1849,0.2901743,55402.96,7.661821,8192,,,,,818.4976535976921,0.00019251698,196.20591165349015,0.00020355683,0.0024576306,0.0038435638
0.9998457,0.00013827167,0,0.0007684821,818.4963529730339,196.20631266139418,601,50766.89,7.0786624,1979.6106,0.28986594,55399.062,7.6613035,0,,,,,818.4963529730339,0.00019248466,196.20631266139418,0.00020354315,0.0016751548,0.0037588393
1.0000333,0.00013838317,0,0.0007695098,818.4961642569624,196.20647681681425,602,50776.03,7.0791183,1981.4608,0.28993583,55409.453,7.6674814,0,,,,,818.4961642569624,0.00019245139,196.20647681681425,0.00020348928,0.0015420791,0.0041823247
0.99984115,0.00013833346,0,0.00077053753,818.4961240303361,196.20662728290745,603,50765.64,7.0787263,1980.3085,0.2897863,55398.812,7.6647267,0,,,,,818.4961240303361,0.00019250467,196.20662728290745,0.00020352872,0.0014587273,0.0043432047
1.0005887,0.00013850957,128,0.00077156525,818.4960780451249,196.20629023707698,604,50803.656,7.0824523,1978.7258,0.29000065,55440.227,7.6744847,128,,,,,818.4960780451249,0.00019235295,196.20629023707698,0.00020351245,0.0011583901,0.0043671085
0.99984646,0.0001384341,0,0.0007725929,818.4955806707746,196.20715878644424,605,50766.07,7.078606,1979.236,0.28985375,55399.105,7.670303,0,,,,,818.4955806707746,0.00019249618,196.20715878644424,0.00020352486,0.0010583536,0.0040220134
0.99983674,0.00013853966,0,0.0007736206,818.4956582434481,196.20699041133082,606,50763.76,7.078633,1980.1873,0.28972703,55398.566,7.676152,0,,,,,818.4956582434481,0.00019251188,196.20699041133082,0.0002035254,0.0010953733,0.0045942278
1.0000345,0.00013828638,0,0.0007746483,818.4953960213038,196.2070180202316,607,50773.43,7.079072,1980.0442,0.29001936,55409.523,7.662119,0,,,,,818.4953960213038,0.00019246363,196.2070180202316,0.00020350511,0.0010774399,0.0042048534
1.0001866,0.00013842924,0,0.00077567593,818.4958374347839,196.2074643226324,608,50779.1,7.0792193,1979.3761,0.28997034,55417.95,7.670034,0,,,,,818.4958374347839,0.0001924301,196.2074643226324,0.00020343465,0.0012085488,0.0048209736
1.0000404,0.00013821108,0,0.00077670364,818.4957833871595,196.20683039032417,609,50772.8,7.078871,1979.7417,0.28990367,55409.855,7.6579456,0,,,,,818.4957833871595,0.000192474,196.20683039032417,0.00020350055,0.0010323238,0.004229595
1.0000226,0.00013829085,0,0.0007777313,818.4956486512751,196.20704975303465,610,50770.688,7.079009,1979.304,0.28980327,55408.87,7.662366,0,,,,,818.4956486512751,0.00019248713,196.20704975303465,0.00020348615,0.0009070764,0.004378928
0.9999403,0.00013812548,0,0.00077875896,818.49550761715,196.20742274352688,611,50765.727,7.0785675,1976.7842,0.28997433,55404.305,7.6532035,0,,,,,818.49550761715,0.0001924749,196.20742274352688,0.00020348992,0.0009766817,0.0048444527
1.000006,0.00013792959,128,0.0007797866,818.4953983285047,196.20727012400454,612,50770.19,7.0792274,1979.0486,0.2898201,55407.94,7.6423492,128,,,,,818.4953983285047,0.00019250286,196.20727012400454,0.00020352627,0.0011528629,0.004618452
0.9999858,0.0001377924,0,0.00078081427,818.4956740332636,196.20764006520693,613,50770.06,7.0786986,1977.6221,0.2899796,55406.83,7.634748,0,,,,,818.4956740332636,0.00019245817,196.20764006520693,0.00020348749,0.0010393576,0.004936865
1.0000426,0.0001381573,0,0.00078184187,818.4958151165447,196.20741869904904,614,50772.16,7.0788302,1976.4775,0.28981858,55409.97,7.6549664,0,,,,,818.4958151165447,0.00019247357,196.20741869904904,0.000203482,0.000999396,0.0050431117
0.9999201,0.00013781797,0,0.0007828695,818.495654681838,196.2073016153732,615,50767.26,7.078779,1978.2057,0.2898757,55403.188,7.6361647,0,,,,,818.495654681838,0.00019247213,196.2073016153732,0.00020351046,0.0008898344,0.0048171366
0.9998329,0.00013804101,0,0.0007838971,818.495304427367,196.20768261805762,616,50762.28,7.078431,1979.7856,0.28978848,55398.355,7.648523,0,,,,,818.495304427367,0.0001925069,196.20768261805762,0.00020349358,0.0007780786,0.005365631
1.0002143,0.00013757225,0,0.0007849248,818.4953492057809,196.2071100919972,617,50783.793,7.0793395,1976.9293,0.28998104,55419.49,7.62255,0,,,,,818.4953492057809,0.0001924289,196.2071100919972,0.00020342908,0.0007476764,0.0048746755
0.9999573,0.00013769319,0,0.0007859524,818.4957963474747,196.20686410522694,618,50769.133,7.0787864,1976.6907,0.2897826,55405.25,7.629251,0,,,,,818.4957963474747,0.00019245045,196.20686410522694,0.00020345603,0.00078705646,0.005014009
1.0000055,0.00013794252,128,0.00078698003,818.4950613176826,196.2076795487173,619,50770.86,7.0796022,1987.8683,0.29020113,55407.914,7.643066,128,,,,,818.4950613176826,0.00019252808,196.2076795487173,0.00020352265,0.0007175467,0.0053525954
0.99995464,0.00013765124,0,0.00078800763,818.4946914420125,196.20737569982327,620,50767.28,7.0784864,1976.2773,0.28989953,55405.1,7.626927,0,,,,,818.4946914420125,0.00019248722,196.20737569982327,0.00020348481,0.00088674226,0.0050536753
0.9999482,0.00013774869,0,0.0007890352,818.4947960570157,196.20783173805324,621,50764.97,7.078533,1976.3887,0.28974673,55404.742,7.632326,0,,,,,818.4947960570157,0.00019247593,196.20783173805324,0.00020349222,0.00042412654,0.005367996
0.9999745,0.00013789894,0,0.0007900628,818.4946079133608,196.2075520300983,622,50766.01,7.0785036,1976.1891,0.29005444,55406.2,7.640651,0,,,,,818.4946079133608,0.00019248342,196.2075520300983,0.00020349633,0.00021218877,0.0049446733
0.99981105,0.00013778155,0,0.00079109037,818.4945597090806,196.20784357964806,623,50757.61,7.078121,1975.999,0.2898486,55397.145,7.6341467,0,,,,,818.4945597090806,0.00019250644,196.20784357964806,0.00020353103,8.120724e-05,0.0050021186
1.0001445,0.00013783114,0,0.00079211796,818.4947279922931,196.20758780921437,624,50773.05,7.078714,1976.1012,0.2899582,55415.617,7.6368947,0,,,,,818.4947279922931,0.00019245558,196.20758780921437,0.0002034406,0.00023378897,0.0053193136
1.0000603,0.00013796682,128,0.0007931455,818.4952121384943,196.2071957268659,625,50769.04,7.079434,1976.4103,0.28987047,55410.953,7.6444125,128,,,,,818.4952121384943,0.00019245909,196.2071957268659,0.00020346708,0.00033618082,0.0049877446
1.000124,0.00013795022,0,0.0007941731,818.4940121978404,196.20700712700307,626,50773.49,7.078801,1975.4178,0.2900657,55414.484,7.643492,0,,,,,818.4940121978404,0.00019243428,196.20700712700307,0.00020346293,-0.00022186413,0.004717371
1.000144,0.0001380798,0,0.00079520064,818.494353876416,196.20798131809073,627,50772.36,7.0787845,1975.7527,0.28971842,55415.59,7.6506724,0,,,,,818.494353876416,0.00019247124,196.20798131809073,0.00020343214,-6.481852e-06,0.0055177095
0.9999168,0.00013789764,0,0.0007962282,818.4938194594347,196.20773388908026,628,50761.535,7.0783587,1976.7173,0.28938377,55403.004,7.640579,0,,,,,818.4938194594347,0.0001925028,196.20773388908026,0.00020352313,7.1857e-05,0.0048391926
0.99982,0.00013780552,0,0.0007972558,818.4936163569987,196.20796625698102,629,50755.043,7.078093,1976.2012,0.28986895,55397.64,7.635475,0,,,,,818.4936163569987,0.0001925216,196.20796625698102,0.00020352831,-0.00026398365,0.005529132
0.9999186,0.0001378553,0,0.00079828326,818.4937902610222,196.2078677434463,630,50759.3,7.0782595,1976.5698,0.28989246,55403.1,7.6382327,0,,,,,818.4937902610222,0.00019252168,196.2078677434463,0.00020352156,-0.00022342919,0.0053529455
1.0000083,0.00013793634,0,0.0007993108,818.4939179089545,196.20754525512277,631,50763.85,7.078499,1977.2014,0.28965592,55408.074,7.642723,0,,,,,818.4939179089545,0.00019249323,196.20754525512277,0.00020348771,-0.00012929256,0.0052820714
1.0001408,0.00013817391,0,0.00080033834,818.4944407035857,196.20794210865552,632,50769.977,7.078688,1975.8088,0.29009885,55415.414,7.655887,0,,,,,818.4944407035857,0.00019245985,196.20794210865552,0.00020347896,0.0002594135,0.005465122
1.0000701,0.00013802314,0,0.0008013658,818.4949974214575,196.2079702209928,633,50764.953,7.078649,1977.9631,0.28980926,55411.5,7.6475325,0,,,,,818.4949974214575,0.00019249418,196.2079702209928,0.00020345602,0.00046070787,0.0061010425
0.9999305,0.00013832925,0,0.0008023933,818.4946070177066,196.20781759152578,634,50759.723,7.0783024,1976.2899,0.29003075,55403.76,7.6644936,0,,,,,818.4946070177066,0.00019250238,196.20781759152578,0.00020351216,0.00033179997,0.005379675
0.9997617,0.00013819209,0,0.00080342084,818.494489518124,196.2083922471114,635,50749.305,7.0778112,1977.0776,0.28971976,55394.41,7.6568937,0,,,,,818.494489518124,0.00019254615,196.2083922471114,0.00020350957,0.00015870867,0.005799876
0.9999451,0.00013834333,8192,0.0008044483,818.4942919494263,196.20795104655733,636,50760.77,7.078295,1975.1493,0.28989798,55404.57,7.6652737,8192,,,,,818.4942919494263,0.00019251666,196.20795104655733,0.00020351601,-1.4305309e-05,0.0053828773
1.0002521,0.0001382375,0,0.0008054758,818.4948795739097,196.20867866978625,637,50775.62,7.078964,1975.7446,0.2900236,55421.586,7.6594105,0,,,,,818.4948795739097,0.00019245147,196.20867866978625,0.0002034262,0.00022038084,0.0058288025
0.9999098,0.00013838071,0,0.0008065033,818.4948731189777,196.20747802321492,638,50758.934,7.0782533,1975.4026,0.28967765,55402.617,7.6673446,0,,,,,818.4948731189777,0.0001925097,196.20747802321492,0.00020352607,0.00044716508,0.0052992003
0.9999663,0.00013835382,8192,0.0008075307,818.4943397251889,196.20799516967082,639,50761.703,7.078369,1975.3994,0.28970954,55405.746,7.665855,8192,,,,,818.4943397251889,0.0001925125,196.20799516967082,0.00020350592,0.00026433324,0.0053248303
1.0002391,0.00013824677,0,0.0008085582,818.4943164940785,196.2083193613455,640,50774.625,7.0788765,1973.4756,0.28981432,55420.863,7.6599236,0,,,,,818.4943164940785,0.00019245801,196.2083193613455,0.00020344829,7.079351e-05,0.0055483
1.0001816,0.00013849096,0,0.0008095856,818.4937951834813,196.2069032052351,641,50772.445,7.078762,1973.0702,0.28994444,55417.676,7.6734533,0,,,,,818.4937951834813,0.00019246449,196.2069032052351,0.00020345772,-0.00029476834,0.0047587315
1.0000254,0.00013847569,0,0.00081061304,818.4942724060475,196.20707836783464,642,50764.06,7.078278,1974.7086,0.28997234,55409.02,7.672608,0,,,,,818.4942724060475,0.00019245503,196.20707836783464,0.00020347313,-0.00022415427,0.0048838737
0.99994725,0.0001383687,0,0.00081164046,818.4935125436657,196.20755229663104,643,50759.13,7.078191,1973.1355,0.28959733,55404.69,7.6666794,0,,,,,818.4935125436657,0.00019253009,196.20755229663104,0.00020350318,-0.00028193695,0.0052029104
1.0001028,0.00013849014,0,0.0008126679,818.4938743662319,196.2070852046043,644,50767.63,7.078368,1973.1685,0.28998393,55413.31,7.6734085,0,,,,,818.4938743662319,0.00019249013,196.2070852046043,0.00020349404,-0.00028384503,0.0047932747
1.0001901,0.00013839643,128,0.0008136953,818.4936418850295,196.20746394347128,645,50771.008,7.078865,1973.1636,0.28986096,55418.15,7.6682158,128,,,,,818.4936418850295,0.0001924686,196.20746394347128,0.00020347296,-0.00028610375,0.005019201
0.9999506,0.00013843608,0,0.0008147227,818.4946136098495,196.20783141263504,646,50758.676,7.078085,1973.3981,0.2897342,55404.875,7.670413,0,,,,,818.4946136098495,0.00019248833,196.20783141263504,0.00020347271,0.00033199412,0.005205697
1.0002042,0.00013849704,0,0.0008157501,818.4946023854104,196.20778249839074,647,50771.816,7.0788493,1974.7539,0.28964365,55418.93,7.6737905,0,,,,,818.4946023854104,0.00019246918,196.20778249839074,0.00020345791,0.00021800004,0.005225053
0.99985784,0.00013837616,0,0.00081677746,818.4946267897634,196.20766744675683,648,50753.426,7.0780253,1974.8732,0.28982905,55399.74,7.667093,0,,,,,818.4946267897634,0.0001925139,196.20766744675683,0.00020353183,0.00034053903,0.005158424
0.999982,0.00013849602,0,0.00081780483,818.4945797129715,196.2070559828906,649,50760.875,7.078163,1971.3348,0.28982612,55406.617,7.673734,0,,,,,818.4945797129715,0.00019248095,196.2070559828906,0.00020347464,0.00018916439,0.0046935254
1.0000592,0.00013840836,0,0.0008188322,818.494719511244,196.20787407404333,650,50763.977,7.0782075,1972.2021,0.2899239,55410.895,7.668877,0,,,,,818.494719511244,0.0001924735,196.20787407404333,0.00020347275,0.0005624426,0.0051575443
1.0001396,0.0001384728,0,0.00081985956,818.4947159961409,196.20773069492282,651,50768.64,7.0784707,1971.7544,0.28982314,55415.348,7.672447,0,,,,,818.4947159961409,0.00019246111,196.20773069492282,0.0002035001,0.0005212486,0.0052050645
0.999775,0.000138396,0,0.00082088687,818.4948838474393,196.20709199238317,652,50749.84,7.0776224,1972.2102,0.28971598,55395.145,7.668192,0,,,,,818.4948838474393,0.00019254135,196.20709199238317,0.00020352415,0.00033167552,0.0050179423
0.99975246,0.00013842982,0,0.0008219142,818.4939223752078,196.2077403956771,653,50749.305,7.0775743,1973.1154,0.29002604,55393.9,7.670066,0,,,,,818.4939223752078,0.0001925144,196.2077403956771,0.00020349878,-9.6778014e-05,0.005140606
1.0002092,0.00013828909,128,0.00082294154,818.4946293036,196.2081367497942,654,50771.117,7.0791454,1972.8455,0.28998968,55419.207,7.662268,128,,,,,818.4946293036,0.00019245566,196.2081367497942,0.00020341812,0.00021160705,0.0053158244
0.9999594,0.00013848518,0,0.00082396885,818.4936647959491,196.2076607524278,655,50759.93,7.078084,1971.1527,0.28963926,55405.363,7.673133,0,,,,,818.4936647959491,0.00019243124,196.2076607524278,0.00020343733,-6.573134e-05,0.0046580033
1.0002574,0.00013837403,0,0.00082499615,818.494521254317,196.20718418422268,656,50773.71,7.078646,1970.9392,0.28989634,55421.87,7.6669745,0,,,,,818.494521254317,0.00019244304,196.20718418422268,0.0002034629,-7.750478e-05,0.005142052
1.0001457,0.00013844394,0,0.0008260234,818.4939785422262,196.2075988061928,657,50768.31,7.0783195,1971.1564,0.28978112,55415.688,7.6708484,0,,,,,818.4939785422262,0.0001924461,196.2075988061928,0.00020343177,-0.00034681224,0.0047797663
0.9999604,0.00013849993,0,0.00082705065,818.494235679429,196.20687071796874,658,50758.793,7.0779552,1971.081,0.28998896,55405.42,7.673951,0,,,,,818.494235679429,0.00019249327,196.20687071796874,0.00020349187,-3.413395e-05,0.004763337
0.99978054,0.00013859359,0,0.00082807796,818.4939596193144,196.20709617825153,659,50750.668,7.0775805,1970.7743,0.28979763,55395.453,7.67914,0,,,,,818.4939596193144,0.00019249157,196.20709617825153,0.00020351508,-0.0002857749,0.0043595657
0.99991,0.00013848915,0,0.0008291052,818.4933822128596,196.20743486184733,660,50755.92,7.0779176,1971.5568,0.2898094,55402.625,7.6733537,0,,,,,818.4933822128596,0.00019249812,196.20743486184733,0.00020350728,-0.0006616404,0.004660622
1.0001808,0.0001385108,0,0.00083013246,818.4935976465862,196.20721769458225,661,50770.33,7.078448,1971.8936,0.28973573,55417.633,7.674553,0,,,,,818.4935976465862,0.00019242767,196.20721769458225,0.00020346198,-0.0002516217,0.004325145
0.9998931,0.000138429,0,0.00083115965,818.4940219918756,196.20697214589995,662,50755.637,7.077719,1969.9021,0.28976572,55401.69,7.67002,0,,,,,818.4940219918756,0.0001924793,196.20697214589995,0.00020350631,-0.00025689116,0.0044226213
1.0000036,0.00013838024,0,0.0008321869,818.4934320387538,196.20686037941414,663,50761.484,7.0780115,1969.0254,0.289719,55407.812,7.667319,0,,,,,818.4934320387538,0.00019248092,196.20686037941414,0.00020349417,-0.0003059255,0.0044225324
1.0002685,0.00013807861,0,0.0008332141,818.4949092590908,196.20739831962533,664,50773.875,7.0785136,1968.4653,0.28977183,55422.49,7.6506066,0,,,,,818.4949092590908,0.00019242187,196.20739831962533,0.00020344916,0.00043382292,0.0048280624
1.0002018,0.00013838778,0,0.0008342413,818.4940685921976,196.20726302062553,665,50773.11,7.0784883,1969.6201,0.28964365,55418.793,7.667737,0,,,,,818.4940685921976,0.00019243004,196.20726302062553,0.0002034496,-0.00017042861,0.004321248
0.9999506,0.00013823468,0,0.00083526847,818.4940650207327,196.20711981113783,666,50758.74,7.07787,1970.2914,0.28948674,55404.875,7.6592536,0,,,,,818.4940650207327,0.00019249252,196.20711981113783,0.00020349212,-0.00011825637,0.0047116415
1.0001045,0.0001383337,0,0.00083629566,818.4943303667683,196.2072702846072,667,50768.316,7.0782022,1968.4194,0.28979707,55413.406,7.66474,0,,,,,818.4943303667683,0.00019242757,196.2072702846072,0.00020344686,0.00011135344,0.0046974034
0.99988556,0.0001383555,0,0.0008373228,818.4942528785227,196.20668530048215,668,50759.848,7.077858,1968.9052,0.28959262,55401.273,7.6659484,0,,,,,818.4942528785227,0.00019245756,196.20668530048215,0.0002035146,1.4529918e-06,0.004251269
0.99986815,0.00013830805,0,0.0008383499,818.4947090395468,196.2070015890788,669,50758.48,7.0777373,1966.3627,0.28983474,55400.31,7.663319,0,,,,,818.4947090395468,0.00019246424,196.2070015890788,0.00020348502,0.00018152045,0.00459051
1.0002065,0.00013852403,0,0.00083937705,818.4943854921266,196.20619373839367,670,50776.246,7.0786595,1967.2516,0.2897202,55419.05,7.675286,0,,,,,818.4943854921266,0.00019244384,196.20619373839367,0.00020343509,0.0002937884,0.0043119835
1.0003171,0.00013848588,0,0.0008404042,818.4951643339577,196.20669007358458,671,50780.746,7.078743,1967.7437,0.2897931,55425.18,7.673172,0,,,,,818.4951643339577,0.00019240091,196.20669007358458,0.00020342905,0.00072206964,0.0038582834
0.9999272,0.00013847774,0,0.0008414313,818.4954230875467,196.20670388898813,672,50761.875,7.077946,1966.7783,0.28979295,55403.582,7.6727214,0,,,,,818.4954230875467,0.00019245865,196.20670388898813,0.00020349605,0.001061704,0.0037469966
1.0000483,0.00013838442,0,0.0008424584,818.4953909749204,196.2060035769988,673,50767.13,7.0781627,1969.0417,0.2896863,55410.29,7.6675506,0,,,,,818.4953909749204,0.00019244404,196.2060035769988,0.00020357799,0.0010254015,0.0032627473
0.9999978,0.00013826066,0,0.00084348547,818.4956831026211,196.20599882854776,674,50764.723,7.0782113,1966.526,0.28981808,55407.492,7.6606927,0,,,,,818.4956831026211,0.00019244164,196.20599882854776,0.00020351312,0.0011091593,0.0030667835
0.9999871,0.00013819289,0,0.0008445126,818.4956810823704,196.20707265809844,675,50763.64,7.077981,1965.2789,0.28982988,55406.9,7.656938,0,,,,,818.4956810823704,0.00019241734,196.20707265809844,0.00020346256,0.0013465432,0.0037075938
0.9998412,0.00013827207,0,0.0008455396,818.4956120592933,196.20608399414616,676,50757.984,7.0777054,1964.4928,0.28987816,55398.816,7.661325,0,,,,,818.4956120592933,0.00019249597,196.20608399414616,0.00020357371,0.0014634512,0.0029898174
1.0001185,0.00013803956,0,0.0008465667,818.496234400184,196.20595148059044,677,50770.945,7.078395,1966.4905,0.28972977,55414.18,7.6484423,0,,,,,818.496234400184,0.0001924494,196.20595148059044,0.00020346073,0.0013749351,0.003602659
1.000117,0.0001380694,0,0.0008475937,818.4959523576574,196.2068212621524,678,50771.832,7.078278,1965.486,0.2900611,55414.094,7.650096,0,,,,,818.4959523576574,0.00019240208,196.2068212621524,0.00020346527,0.0010691037,0.0033162236
0.99998444,0.0001381523,0,0.0008486207,818.4950644573337,196.2058890660869,679,50764.93,7.078004,1966.1044,0.28958446,55406.75,7.65469,0,,,,,818.4950644573337,0.0001924275,196.2058890660869,0.00020349151,0.00036030068,0.0032826036
0.9998987,0.00013823675,8192,0.00084964774,818.4952752975478,196.20644573010682,680,50761.254,7.0779476,1964.4326,0.28967753,55402.0,7.6593685,8192,,,,,818.4952752975478,0.00019246606,196.20644573010682,0.000203518,0.0007688981,0.0035036632
0.9999402,0.00013820925,0,0.00085067475,818.495302806898,196.20685513820928,681,50763.773,7.077867,1964.7078,0.2898224,55404.3,7.657844,0,,,,,818.495302806898,0.00019240676,196.20685513820928,0.00020346664,0.0009262826,0.003540499
1.0000591,0.00013816787,0,0.0008517017,818.494599708833,196.20589287150236,682,50770.53,7.0782714,1965.1737,0.2897271,55410.887,7.6555524,0,,,,,818.494599708833,0.00019242206,196.20589287150236,0.0002034532,0.00073523197,0.0036344007
1.0001186,0.00013819267,0,0.00085272867,818.4943682175981,196.206419236331,683,50773.715,7.0781507,1963.9784,0.2899269,55414.184,7.6569257,0,,,,,818.4943682175981,0.00019238293,196.206419236331,0.00020343393,0.00016983619,0.0035346057
0.999846,0.00013824207,0,0.0008537556,818.4941970270681,196.20681201542868,684,50760.87,7.0778112,1966.6425,0.28939748,55399.08,7.6596637,0,,,,,818.4941970270681,0.00019242724,196.20681201542868,0.000203504,8.3550534e-05,0.003142217
1.0000063,0.00013827482,0,0.0008547826,818.4941795756481,196.20652171490548,685,50769.04,7.0780416,1964.4375,0.28992712,55407.96,7.6614776,0,,,,,818.4941795756481,0.00019242655,196.20652171490548,0.00020347159,1.2056163e-06,0.0036245633
1.0001214,0.00013837405,0,0.0008558095,818.4933951905268,196.20616178623538,686,50776.207,7.078335,1963.3514,0.28990242,55414.34,7.666976,0,,,,,818.4933951905268,0.00019236634,196.20616178623538,0.0002034222,-0.0004451342,0.0035786713
0.999964,0.0001383318,0,0.0008568364,818.4934115858434,196.2058372647059,687,50767.64,7.078084,1964.9976,0.28962705,55405.617,7.664635,0,,,,,818.4934115858434,0.00019241628,196.2058372647059,0.0002034824,-0.00055634545,0.0036319867
0.9999229,0.00013835476,0,0.0008578633,818.4936616512175,196.2066419471908,688,50765.51,7.0779443,1963.0933,0.28979945,55403.34,7.6659074,0,,,,,818.4936616512175,0.0001924174,196.2066419471908,0.00020345634,-0.00056617724,0.003884749
0.99981636,0.00013838746,0,0.0008588902,818.493122197084,196.206741503898,689,50760.875,7.077635,1963.932,0.28984404,55397.438,7.667719,0,,,,,818.493122197084,0.00019241811,196.206741503898,0.00020347963,-0.0009374838,0.003371244
0.9998073,0.00013828772,0,0.000859917,818.4927865079146,196.20629771591382,690,50759.58,7.0776877,1963.2136,0.28958714,55396.938,7.6621923,0,,,,,818.4927865079146,0.00019247225,196.20629771591382,0.00020349413,-0.0012121425,0.0036319052
0.9999654,0.00013831696,0,0.0008609439,818.492913497874,196.20645681478868,691,50768.164,7.07802,1963.3597,0.28984904,55405.7,7.663812,0,,,,,818.492913497874,0.00019238674,196.20645681478868,0.00020344999,-0.0011166923,0.0034266394
0.99974865,0.00013829922,0,0.0008619707,818.4932177744139,196.2068302947084,692,50755.8,7.0774813,1965.1371,0.28957593,55393.688,7.6628294,0,,,,,818.4932177744139,0.00019245925,196.2068302947084,0.00020352319,-0.00039440425,0.0037123365
0.99997675,0.00013825437,0,0.00086299755,818.4942276722759,196.20639384125113,693,50767.215,7.077967,1962.4955,0.28958833,55406.324,7.6603446,0,,,,,818.4942276722759,0.00019241012,196.20639384125113,0.00020346142,-0.00035941118,0.003529442
1.0001343,0.00013826853,0,0.0008640244,818.4935597402887,196.20653551791827,694,50774.977,7.078271,1961.3846,0.2899862,55415.06,7.661129,0,,,,,818.4935597402887,0.00019236536,196.20653551791827,0.00020345286,-0.0005275497,0.003459707
0.99996763,0.0001381956,8192,0.0008650512,818.4931500527164,196.20647402942666,695,50765.684,7.0777545,1963.5404,0.28989297,55405.82,7.6570883,8192,,,,,818.4931500527164,0.0001923741,196.20647402942666,0.00020344212,-0.0008860015,0.0032529703
1.0000274,0.00013816157,0,0.00086607796,818.4927697634384,196.20627318813732,696,50768.867,7.077963,1962.529,0.289467,55409.133,7.655203,0,,,,,818.4927697634384,0.0001923901,196.20627318813732,0.00020344913,-0.0010954585,0.003408698
0.99997824,0.0001383582,0,0.0008671047,818.4924354120988,196.20599759197577,697,50767.184,7.0779533,1962.3651,0.28981033,55406.406,7.6660976,0,,,,,818.4924354120988,0.00019238424,196.20599759197577,0.00020347472,-0.0012847506,0.0027670576
1.0002351,0.0001382024,0,0.00086813146,818.4926601476468,196.2060213273454,698,50779.707,7.0783806,1962.971,0.289568,55420.64,7.6574655,0,,,,,818.4926601476468,0.00019237376,196.2060213273454,0.00020344055,-0.0011413604,0.003168522
1.0000458,0.00013841335,0,0.0008691582,818.4927266105335,196.20599111090394,699,50770.566,7.078016,1962.1847,0.2897445,55410.152,7.6691537,0,,,,,818.4927266105335,0.00019237811,196.20599111090394,0.00020347597,-0.0009814983,0.002792952
1.0002809,0.00013827399,0,0.00087018486,818.4925735343711,196.20570187475505,700,50783.227,7.078605,1961.2302,0.28983083,55423.17,7.661432,0,,,,,818.4925735343711,0.00019231394,196.20570187475505,0.00020342534,-0.0012776408,0.002680399
0.99998444,0.0001383627,0,0.0008712116,818.4931426730057,196.2059502508775,701,50767.273,7.0779,1960.3584,0.28994176,55406.75,7.666347,0,,,,,818.4931426730057,0.00019239582,196.2059502508775,0.00020343334,-0.00080265757,0.0032205936
1.0000929,0.0001383798,0,0.00087223825,818.4933702871629,196.20570362720247,702,50774.355,7.078192,1961.1218,0.28997672,55412.76,7.667294,0,,,,,818.4933702871629,0.0001923609,196.20570362720247,0.00020344448,-0.00075414433,0.0027780791
0.9999922,0.00013845519,0,0.0008742916,818.4928173902758,196.20650819635898,704,50769.38,7.0780425,1963.6277,0.2896077,55407.18,7.6714716,0,,,,,818.4928173902758,0.0001923937,196.20650819635898,0.00020349474,-0.0008719257,0.0030747945
0.99971515,0.0001384952,8192,0.0008753182,818.4933621491803,196.20644896809137,705,50756.48,7.077528,1960.8859,0.28995705,55391.832,7.673689,8192,,,,,818.4933621491803,0.00019243827,196.20644896809137,0.00020353687,-0.0007615172,0.002826324
0.9999484,0.00013848228,0,0.00087634486,818.4926282107231,196.2063779462516,706,50768.676,7.0778027,1961.7915,0.28971225,55404.754,7.672973,0,,,,,818.4926282107231,0.00019239736,196.2063779462516,0.00020349308,-0.0010318804,0.0030984806
1.0000113,0.00013846745,0,0.00087737147,818.4928004601986,196.2063371595977,707,50772.688,7.0781107,1962.6064,0.28962794,55408.24,7.672151,0,,,,,818.4928004601986,0.00019235637,196.2063371595977,0.00020344599,-0.00097143685,0.0027545919
0.9997778,0.0001385123,0,0.000878398,818.4924135385011,196.20648514480553,708,50760.723,7.07756,1959.2919,0.29005766,55395.3,7.6746364,0,,,,,818.4924135385011,0.00019238434,196.20648514480553,0.0002034941,-0.0011786717,0.0024096924
0.9999368,0.00013848694,0,0.0008794246,818.4923591306238,196.20583790406323,709,50767.973,7.0780597,1962.102,0.28969157,55404.113,7.6732306,0,,,,,818.4923591306238,0.00019239217,196.20583790406323,0.00020347195,-0.0011546419,0.0027498554
1.0001115,0.00013845859,0,0.0008804512,818.492602446808,196.20590823113628,710,50778.215,7.0783434,1960.4985,0.2898702,55413.79,7.6716604,0,,,,,818.492602446808,0.00019234003,196.20590823113628,0.00020342962,-0.0012438203,0.0024107823
0.9998852,0.00013845868,0,0.00088147767,818.4926409603243,196.20548077528866,711,50766.004,7.077877,1960.9626,0.28981727,55401.254,7.671665,0,,,,,818.4926409603243,0.00019240679,196.20548077528866,0.00020349817,-0.0011461857,0.0027101918
1.0001776,0.00013843436,0,0.0008825042,818.492513868586,196.20598150908512,712,50780.934,7.0784273,1958.1814,0.28984126,55417.457,7.6703176,0,,,,,818.492513868586,0.00019233038,196.20598150908512,0.00020345376,-0.0012413127,0.0025446236
0.99984574,0.00013837325,0,0.0008835307,818.4916576024585,196.20581457026276,713,50765.273,7.077757,1958.7863,0.28965032,55399.066,7.666931,0,,,,,818.4916576024585,0.00019239796,196.20581457026276,0.00020347872,-0.0012701447,0.0022322175
0.99988574,0.00013858487,0,0.0008845572,818.4934948744635,196.20615365729833,714,50765.082,7.07777,1960.963,0.2897849,55401.28,7.678657,0,,,,,818.4934948744635,0.00019237681,196.20615365729833,0.00020347789,-0.000647851,0.0032101667
0.9999831,0.00013860609,0,0.00088558363,818.4926856791283,196.20567420077032,715,50771.32,7.077919,1959.0422,0.28979972,55406.676,7.679833,0,,,,,818.4926856791283,0.0001923607,196.20567420077032,0.00020351508,-0.0009824313,0.0021375604
0.9997667,0.00013851756,0,0.0008866101,818.4929859160511,196.2059375458221,716,50760.57,7.0774646,1959.1708,0.29005635,55394.688,7.674927,0,,,,,818.4929859160511,0.00019238844,196.2059375458221,0.00020353448,-0.00073705823,0.0026748513
1.0004482,0.00013850981,0,0.0008876365,818.4934056576882,196.2057602133643,717,50796.8,7.079171,1960.0596,0.2897737,55432.445,7.674498,0,,,,,818.4934056576882,0.00019226632,196.2057602133643,0.0002034044,-0.00056182744,0.0026008852
1.0000746,0.00013851866,0,0.00088866294,818.492650186832,196.20578239737935,718,50778.598,7.0781345,1958.6434,0.28966478,55411.75,7.6749887,0,,,,,818.492650186832,0.00019231389,196.20578239737935,0.00020343228,-0.001175297,0.0025681949
1.0001494,0.00013849897,0,0.0008896893,818.4932102306341,196.2062038442324,719,50782.367,7.0784583,1959.9764,0.28959233,55415.887,7.6738973,0,,,,,818.4932102306341,0.00019233985,196.2062038442324,0.00020345056,-0.00092658686,0.002687026
0.9999691,0.00013829615,0,0.00089071575,818.4930749357204,196.20565312548726,720,50774.113,7.077974,1960.0956,0.2899855,55405.902,7.662659,0,,,,,818.4930749357204,0.00019233795,196.20565312548726,0.00020345465,-0.0010657562,0.0022458187
0.99969834,0.00013847082,0,0.00089174206,818.4929148317774,196.20573965021174,721,50760.562,7.077456,1959.3248,0.28962168,55390.9,7.6723375,0,,,,,818.4929148317774,0.00019238646,196.20573965021174,0.00020354245,-0.0009916764,0.0019261371
0.9999954,0.00013846124,0,0.00089276844,818.4929800803714,196.2061042187861,722,50775.85,7.0781727,1958.4784,0.28991324,55407.36,7.671807,0,,,,,818.4929800803714,0.00019234463,196.2061042187861,0.00020350414,-0.0008471194,0.0023827385
0.9999573,0.0001384006,0,0.00089379476,818.4932853711518,196.20584780981233,723,50774.71,7.077963,1958.7117,0.2899781,55405.25,7.668447,0,,,,,818.4932853711518,0.00019233034,196.20584780981233,0.00020348415,-0.001029631,0.0019675551
1.0001299,0.00013852214,0,0.000894821,818.4933772558768,196.20603333316177,724,50781.703,7.0783157,1959.6948,0.28965518,55414.812,7.6751814,0,,,,,818.4933772558768,0.00019231605,196.20603333316177,0.00020344836,-0.0008676237,0.002533684
0.99997574,0.00013833321,0,0.00089584733,818.4934284993076,196.20563204486857,725,50775.168,7.0781145,1960.5063,0.28946593,55406.27,7.6647134,0,,,,,818.4934284993076,0.00019236298,196.20563204486857,0.00020349538,-0.00078421563,0.0022624477
0.9998972,0.00013830971,0,0.0008968736,818.4929899448819,196.20554149289694,726,50771.33,7.0780783,1958.8104,0.28965184,55401.918,7.6634107,0,,,,,818.4929899448819,0.00019231408,196.20554149289694,0.00020350478,-0.00079978595,0.0016413244
0.9998005,0.00013846846,8192,0.00089789985,818.4930434789145,196.20588108501266,727,50764.207,7.077579,1959.8027,0.28986177,55396.56,7.6722064,8192,,,,,818.4930434789145,0.00019238316,196.20588108501266,0.00020351306,-0.000997256,0.0024710738
0.9997892,0.00013832991,0,0.00089892605,818.4930639899472,196.20560690111256,728,50765.17,7.077562,1958.6035,0.28972858,55395.934,7.66453,0,,,,,818.4930639899472,0.0001923703,196.20560690111256,0.00020354168,-0.001125313,0.0017193004
0.99981457,0.00013861751,0,0.00089995225,818.4925087067846,196.20627297918207,729,50765.89,7.077553,1956.8147,0.28983986,55397.34,7.6804657,0,,,,,818.4925087067846,0.0001923553,196.20627297918207,0.00020350305,-0.0013016198,0.0022038424
1.0001171,0.00013851286,0,0.00090097846,818.4928767271133,196.205580847027,730,50782.098,7.0781813,1957.4606,0.28996673,55414.098,7.6746664,0,,,,,818.4928767271133,0.00019226735,196.205580847027,0.00020342962,-0.0009943551,0.0015896322
0.9999257,0.0001384225,0,0.00090200466,818.4936291039066,196.20560136419977,731,50772.137,7.077936,1959.2671,0.2897244,55403.496,7.6696606,0,,,,,818.4936291039066,0.0001923414,196.20560136419977,0.00020351277,-0.0006594369,0.0014222959
1.0000213,0.00013826603,0,0.0009030308,818.4937674390135,196.20554595944293,732,50778.023,7.078162,1957.4943,0.28965387,55408.797,7.66099,0,,,,,818.4937674390135,0.00019233987,196.20554595944293,0.00020350554,-0.00045708113,0.0016821
1.0001329,0.00013832294,0,0.00090405694,818.4936905150039,196.20562024494808,733,50783.934,7.078306,1955.9269,0.28984806,55414.977,7.664144,0,,,,,818.4936905150039,0.00019227316,196.20562024494808,0.00020343177,-0.0006389737,0.0016311707
1.0001371,0.00013823356,0,0.000905083,818.4938319726122,196.20588161507493,734,50784.938,7.0784087,1955.6155,0.2898186,55415.207,7.6591916,0,,,,,818.4938319726122,0.00019227418,196.20588161507493,0.00020344234,-0.0007169761,0.0016169379
0.99988824,0.00013849896,0,0.0009061091,818.4932435970434,196.2060381436237,735,50771.773,7.077949,1959.7537,0.28956088,55401.42,7.673897,0,,,,,818.4932435970434,0.00019234556,196.2060381436237,0.0002034934,-0.0008507962,0.0016930792
1.0001727,0.00013833275,0,0.0009071352,818.4932590894457,196.2052129528109,736,50786.707,7.0784965,1956.6968,0.28956425,55417.184,7.664687,0,,,,,818.4932590894457,0.00019228765,196.2052129528109,0.00020344408,-0.00072815304,0.0013956385
1.0000015,0.00013844734,0,0.0009081613,818.493876066553,196.20496742385967,737,50777.797,7.0782084,1956.6417,0.28975135,55407.7,7.671037,0,,,,,818.493876066553,0.00019231848,196.20496742385967,0.00020351518,-0.00058937026,0.0013180551
1.000104,0.00013851824,8192,0.0009091873,818.493569101522,196.20584963897318,738,50782.81,7.0782933,1958.0217,0.28964633,55413.37,7.674965,8192,,,,,818.493569101522,0.00019232227,196.20584963897318,0.00020348052,-0.0004001471,0.001866858
0.9997972,0.00013839598,0,0.00091021333,818.4937449319932,196.20563244142832,739,50767.805,7.0776033,1956.9685,0.28979427,55396.38,7.668191,0,,,,,818.4937449319932,0.0001923352,196.20563244142832,0.00020350142,-0.00036155127,0.0015425838
0.9998874,0.00013863583,0,0.0009112393,818.4939163532595,196.20555750745058,740,50770.86,7.077754,1956.4438,0.28984198,55401.375,7.681481,0,,,,,818.4939163532595,0.00019234145,196.20555750745058,0.00020347913,4.0818508e-05,0.0019947668
1.0002527,0.00013856716,0,0.00091226527,818.4941117012155,196.2052856050273,741,50789.78,7.0785174,1956.4634,0.28983188,55421.613,7.6776757,0,,,,,818.4941117012155,0.00019224957,196.2052856050273,0.00020343691,-0.00015460991,0.0015707512
1.0002018,0.00013863362,0,0.00091329124,818.493376402745,196.20550525040863,742,50786.71,7.0784836,1957.5624,0.2896671,55418.793,7.681358,0,,,,,818.493376402745,0.00019228889,196.20550525040863,0.00020347284,-0.0006650453,0.0018218175
0.9998586,0.00013869826,0,0.00091431715,818.4938450412224,196.20598554925255,743,50769.113,7.077699,1956.8702,0.28950518,55399.78,7.68494,0,,,,,818.4938450412224,0.00019235173,196.20598554925255,0.00020351607,-0.00020372019,0.0017677555
1.0001036,0.0001386237,128,0.00091534306,818.493539860128,196.2052066717008,744,50783.137,7.078606,1954.3611,0.2898138,55413.35,7.6808085,128,,,,,818.493539860128,0.0001923023,196.2052066717008,0.00020349247,-0.00059040525,0.0012022997
1.0000545,0.00013865752,8192,0.00091636897,818.4940588227757,196.20566419416753,745,50779.28,7.0781493,1955.1526,0.2896455,55410.633,7.682682,8192,,,,,818.4940588227757,0.0001922976,196.20566419416753,0.00020346673,-0.000110407986,0.0015398723
0.9999119,0.00013839951,0,0.0009173948,818.4932516005753,196.2054303664503,746,50773.793,7.077787,1956.8531,0.2898539,55402.73,7.6683865,0,,,,,818.4932516005753,0.00019237184,196.2054303664503,0.0002035052,-0.00055771286,0.0014134928
1.0001357,0.00013844961,0,0.0009184207,818.4934038134397,196.20539056393045,747,50784.87,7.0783362,1956.5704,0.2896325,55415.133,7.6711626,0,,,,,818.4934038134397,0.00019228779,196.20539056393045,0.00020345022,-0.0004255448,0.0012676783
0.99993664,0.00013851438,8192,0.0009194465,818.4935078631048,196.20595026956966,748,50774.11,7.077864,1956.226,0.28981122,55404.1,7.6747518,8192,,,,,818.4935078631048,0.00019231583,196.20595026956966,0.00020345692,-0.000645428,0.0018392485
0.9999987,0.00013847703,0,0.0009204723,818.4932952134807,196.2056424233806,749,50777.84,7.0780044,1953.6691,0.29008806,55407.54,7.672682,0,,,,,818.4932952134807,0.0001922941,196.2056424233806,0.00020347194,-0.0008869242,0.0015052586
0.9999255,0.00013830862,0,0.0009214981,818.4930363945372,196.2046535343332,750,50774.9,7.077906,1956.1204,0.28978702,55403.484,7.6633506,0,,,,,818.4930363945372,0.00019231012,196.2046535343332,0.00020351919,-0.0010584056,0.0009577517
1.0002285,0.00013858697,0,0.00092252385,818.493122073551,196.20532621239008,751,50789.71,7.078581,1954.2521,0.28966022,55420.277,7.678773,0,,,,,818.493122073551,0.00019226952,196.20532621239008,0.00020348268,-0.00072934787,0.0013357248
0.9998952,0.00013853541,0,0.0009235496,818.4930752833113,196.20492314241378,752,50772.8,7.0778046,1956.2262,0.28993165,55401.81,7.675916,0,,,,,818.4930752833113,0.00019232031,196.20492314241378,0.00020351906,-0.0010763771,0.0008450301
0.99991703,0.00013861789,0,0.0009245753,818.4941713472225,196.20509010617477,753,50773.867,7.077919,1955.296,0.28982702,55403.016,7.6804867,0,,,,,818.4941713472225,0.00019231852,196.20509010617477,0.00020349148,-0.0001637587,0.0014939058
1.0001566,0.0001385624,0,0.000925601,818.4944333320955,196.20518248729132,754,50786.03,7.078529,1957.4458,0.28978252,55416.293,7.677412,0,,,,,818.4944333320955,0.0001923126,196.20518248729132,0.00020349714,0.00017947625,0.0011870556
1.0000172,0.00013849961,0,0.0009266267,818.494482168931,196.20508910067855,755,50778.4,7.0780315,1954.7806,0.28973898,55408.566,7.673933,0,,,,,818.494482168931,0.00019228918,196.20508910067855,0.00020350817,0.0002534672,0.0009340506
1.0002425,0.00013854906,0,0.00092765235,818.4945661628161,196.2047880804627,756,50790.496,7.078559,1954.9504,0.28956312,55421.05,7.6766725,0,,,,,818.4945661628161,0.00019226303,196.2047880804627,0.0002034369,0.00055930414,0.0007614333
1.0003008,0.00013836645,0,0.00092867797,818.4951339168658,196.20413526416195,757,50794.242,7.077614,1955.6381,0.28960842,55424.277,7.666555,0,,,,,818.4951339168658,0.00019223455,196.20413526416195,0.00020346485,0.0006349164,9.273632e-05
0.999993,0.00013836066,0,0.0009297036,818.495071860815,196.20408028130578,758,50778.145,7.076835,1957.4445,0.28960186,55407.227,7.6662335,0,,,,,818.495071860815,0.00019230723,196.20408028130578,0.00020348356,0.0007873822,0.00036511858
0.99999076,0.00013830449,0,0.00093072915,818.4950161605814,196.20478489530302,759,50778.25,7.077447,1956.3103,0.2898484,55407.1,7.663121,0,,,,,818.4950161605814,0.00019229295,196.20478489530302,0.00020353499,0.0005344805,0.00015859689
1.0000993,0.00013842605,0,0.0009317547,818.4950412767832,196.20491605804045,760,50783.176,7.0782676,1955.3967,0.28966847,55413.113,7.669857,0,,,,,818.4950412767832,0.00019227722,196.20491605804045,0.00020348445,0.0007669698,0.00054931804
1.000129,0.00013845557,8192,0.00093278027,818.4953371247632,196.20469520456658,761,50785.543,7.0771694,1954.8542,0.28968644,55414.758,7.6714926,8192,,,,,818.4953371247632,0.00019227671,196.20469520456658,0.0002035009,0.0006337377,0.00044952708
1.0001066,0.00013825277,0,0.0009338058,818.4949740466084,196.20472785205158,762,50783.57,7.077771,1955.2911,0.2897366,55413.52,7.6602564,0,,,,,818.4949740466084,0.00019226805,196.20472785205158,0.00020348594,0.0006323724,0.0005605954
0.99992174,0.00013822147,0,0.0009348313,818.495034106363,196.20456137308872,763,50774.016,7.0772543,1956.2906,0.28967756,55403.277,7.6585217,0,,,,,818.495034106363,0.00019231366,196.20456137308872,0.00020352872,0.00044594205,0.0004108463
1.0000308,0.00013829501,0,0.0009358568,818.4947211718797,196.20480252371942,764,50780.746,7.0770197,1954.4624,0.28989214,55409.32,7.6625967,0,,,,,818.4947211718797,0.00019228019,196.20480252371942,0.00020349566,0.00022277037,0.00037215988
0.9999641,0.00013834142,0,0.0009368822,818.4943543195966,196.20453119988997,765,50778.742,7.077511,1956.2214,0.28973454,55405.625,7.665168,0,,,,,818.4943543195966,0.00019231778,196.20453119988997,0.00020352089,1.1251483e-05,0.00033986088
1.000087,0.00013830514,0,0.0009379076,818.4948078049407,196.204562285985,766,50784.58,7.0778008,1956.702,0.28958347,55412.438,7.663158,0,,,,,818.4948078049407,0.00019227414,196.204562285985,0.00020349374,0.00033265975,0.0005486526
1.0001422,0.00013841865,0,0.00093893305,818.4940286741473,196.2047010120047,767,50787.297,7.0784907,1956.0161,0.28980866,55415.492,7.669447,0,,,,,818.4940286741473,0.00019227208,196.2047010120047,0.00020350274,-2.0879972e-05,0.0006863622
1.0000304,0.00013852656,0,0.0009399584,818.4937754661632,196.20482108187213,768,50781.902,7.078198,1955.344,0.2898192,55409.297,7.6754265,0,,,,,818.4937754661632,0.00019230352,196.20482108187213,0.00020350782,-0.00011745233,0.00083873444
1.000023,0.00013848787,0,0.00094098377,818.4938272936149,196.2055218101139,769,50781.188,7.07829,1955.5762,0.2899599,55408.887,7.673282,0,,,,,818.4938272936149,0.00019232003,196.2055218101139,0.00020350043,-0.00028826654,0.0013894083
0.99997455,0.00013849071,0,0.0009420091,818.493540982009,196.20508077170248,770,50778.9,7.077993,1954.455,0.28963575,55406.203,7.6734395,0,,,,,818.493540982009,0.00019228552,196.20508077170248,0.0002035091,-0.00025673961,0.00082515564
1.0000736,0.00013849682,0,0.0009430344,818.4932861192447,196.20549244252754,771,50783.133,7.078261,1954.5242,0.2898008,55411.69,7.673778,0,,,,,818.4932861192447,0.00019229951,196.20549244252754,0.00020348815,-0.00077346736,0.0012184434
1.0005156,0.00013850373,0,0.0009440597,818.4938130235832,196.2049381652942,772,50806.887,7.079237,1953.1471,0.2898163,55436.184,7.674161,0,,,,,818.4938130235832,0.00019216088,196.2049381652942,0.00020338212,-0.00044037926,0.000934823
1.0001357,0.00013844031,0,0.00094508496,818.4932834429815,196.20490448656858,773,50787.242,7.0784564,1956.2415,0.289599,55415.133,7.670647,0,,,,,818.4932834429815,0.00019227096,196.20490448656858,0.00020347515,-0.00057977095,0.0010013159
1.0001664,0.00013848371,0,0.0009461102,818.4942630256769,196.20548606150794,774,50788.508,7.0785346,1956.5786,0.2895266,55416.836,7.673052,0,,,,,818.4942630256769,0.0001923052,196.20548606150794,0.00020347658,-0.00019608653,0.0012111078
0.99995214,0.0001383742,0,0.0009471354,818.4933672931891,196.20540244278249,775,50779.074,7.077994,1957.3549,0.28976434,55404.96,7.6669846,0,,,,,818.4933672931891,0.00019227983,196.20540244278249,0.00020351958,-0.0005523351,0.000661013
0.9998832,0.00013856478,0,0.0009481606,818.4936982283995,196.2051456979069,776,50776.523,7.0780106,1957.2362,0.28983206,55401.14,7.6775436,0,,,,,818.4936982283995,0.00019230762,196.2051456979069,0.00020351971,-0.00032768206,0.0009822986
0.999983,0.0001384875,0,0.00094918575,818.493300531841,196.20516197592178,777,50781.51,7.078373,1958.6141,0.2899002,55406.67,7.6732626,0,,,,,818.493300531841,0.00019228716,196.20516197592178,0.00020352977,-0.0006741982,0.00073791284
1.0001456,0.00013847309,0,0.0009502109,818.4935589224192,196.20546704199134,778,50788.55,7.0784826,1958.381,0.28968108,55415.68,7.672463,0,,,,,818.4935589224192,0.00019226878,196.20546704199134,0.0002034614,-0.0006932907,0.0010258885
0.9998162,0.00013845583,0,0.000951236,818.4935530456082,196.2047749354148,779,50770.934,7.077902,1956.3018,0.28951934,55397.43,7.671507,0,,,,,818.4935530456082,0.00019231363,196.2047749354148,0.00020352994,-0.0005057366,0.0010256048
0.99972105,0.00013859417,0,0.0009522611,818.4937652348931,196.205086295745,780,50766.9,7.077614,1955.8678,0.28988403,55392.156,7.6791725,0,,,,,818.4937652348931,0.00019230247,196.205086295745,0.00020354583,-0.00061809306,0.0009620643
1.0001644,0.00013840379,0,0.00095328613,818.4939249052893,196.20440648043692,781,50789.51,7.0784383,1955.8931,0.28966764,55416.723,7.668624,0,,,,,818.4939249052893,0.00019224617,196.20440648043692,0.00020346044,-0.00028931545,0.0006004903
0.9997353,0.00013860999,0,0.00095431117,818.4933694472418,196.2049064427618,782,50769.62,7.077571,1954.218,0.28979853,55392.945,7.680049,0,,,,,818.4933694472418,0.0001923011,196.2049064427618,0.0002035277,-0.00084702554,0.0007485071
0.99966496,0.00013848773,0,0.0009553362,818.493202056696,196.2046359926251,783,50765.566,7.077368,1952.3965,0.28972152,55389.05,7.673274,0,,,,,818.493202056696,0.00019231108,196.2046359926251,0.00020354362,-0.0007006172,0.0004843545
1.000177,0.00013864534,0,0.0009563612,818.4938180845,196.2053177967711,784,50791.953,7.078426,1953.8442,0.2895775,55417.42,7.6820073,0,,,,,818.4938180845,0.00019222814,196.2053177967711,0.00020346035,-0.00070095423,0.0007232886
0.99978465,0.0001385317,0,0.00095738616,818.4934951456802,196.20535496876118,785,50772.07,7.077719,1954.1554,0.28925455,55395.68,7.6757107,0,,,,,818.4934951456802,0.00019228863,196.20535496876118,0.00020352588,-0.00039183695,0.00064650516
0.9999175,0.00013843917,0,0.0009584111,818.4936131950442,196.2051739836983,786,50778.58,7.0779653,1951.674,0.28963512,55403.043,7.6705837,0,,,,,818.4936131950442,0.00019227863,196.2051739836983,0.00020351191,-0.00025474545,0.000740277
0.99974394,0.00013833959,0,0.000959436,818.4939162357143,196.2050576614268,787,50769.91,7.0775986,1952.8698,0.28966874,55393.426,7.6650662,0,,,,,818.4939162357143,0.00019230862,196.2050576614268,0.00020351794,-0.00045857567,0.00068411947
1.0001295,0.00013831607,0,0.00096046086,818.4935783617746,196.20435768617148,788,50789.453,7.0783834,1951.5662,0.28978404,55414.79,7.663763,0,,,,,818.4935783617746,0.0001922126,196.20435768617148,0.00020345594,-0.0005198212,0.0004783403
1.0000637,0.00013837559,0,0.0009614857,818.4937201179757,196.20471957427412,789,50785.598,7.0782,1949.4541,0.28978434,55411.14,7.667061,0,,,,,818.4937201179757,0.00019225776,196.20471957427412,0.0002034792,-0.00038792513,0.0006165737
0.99972165,0.00013828844,0,0.0009635354,818.4933689258723,196.20491473902072,791,50768.85,7.0773687,1952.5646,0.28980336,55392.19,7.662232,0,,,,,818.4933689258723,0.00019231209,196.20491473902072,0.00020355328,-0.00038532657,0.00056635874
0.9998492,0.0001379097,0,0.00096456014,818.4941460181353,196.20505324528006,792,50774.18,7.07691,1950.0247,0.28987843,55399.258,7.641247,0,,,,,818.4941460181353,0.00019228828,196.20505324528006,0.00020351062,-1.3998744e-05,0.00068138825
1.000002,0.00013836658,128,0.0009655849,818.4932450401483,196.20455016421775,793,50785.652,7.0771675,1950.8909,0.2896238,55407.727,7.6665616,128,,,,,818.4932450401483,0.0001922097,196.20455016421775,0.00020346222,-0.000628134,-0.00013825437
0.99985147,0.00013835088,0,0.00096660963,818.4938858140622,196.20451605305817,794,50777.195,7.0765543,1950.7487,0.2899098,55399.383,7.6656923,0,,,,,818.4938858140622,0.00019227002,196.20451605305817,0.00020349817,-0.00041121803,0.00023288329
0.99998355,0.00013833333,0,0.0009676343,818.4940182057767,196.20517626310746,795,50784.195,7.078033,1950.6743,0.2895673,55406.703,7.6647196,0,,,,,818.4940182057767,0.00019227815,196.20517626310746,0.0002035233,-0.00019517778,0.00044466852
1.0000584,0.00013842213,0,0.000968659,818.4942106167828,196.204995848838,796,50788.152,7.0769863,1952.2671,0.28968894,55410.85,7.6696396,0,,,,,818.4942106167828,0.00019223355,196.204995848838,0.0002034675,-0.00010585586,0.00024197318
1.000294,0.00013845006,0,0.00096968364,818.4939839320625,196.2046365352578,797,50800.574,7.0787945,1951.4663,0.28962946,55423.9,7.671188,0,,,,,818.4939839320625,0.00019220247,196.2046365352578,0.00020345201,-0.00026468176,0.0005726911
0.99996144,0.00013843019,0,0.00097070826,818.4931472987003,196.2051159176366,798,50784.836,7.0767903,1950.249,0.29000026,55405.477,7.670086,0,,,,,818.4931472987003,0.00019220203,196.2051159176366,0.00020346005,-0.00055177463,0.00012409911
1.0001135,0.00013844625,0,0.0009717329,818.4933260555031,196.20462987556033,799,50791.598,7.0784097,1949.8757,0.2896772,55413.902,7.670976,0,,,,,818.4933260555031,0.00019223102,196.20462987556033,0.00020344237,-0.0002732158,0.00018902031
0.99973625,0.00013843575,0,0.0009727574,818.4936911678733,196.2048151455241,800,50773.95,7.0762553,1950.0403,0.28953224,55393.0,7.670394,0,,,,,818.4936911678733,0.00019227325,196.2048151455241,0.00020349675,-0.00026113057,-2.7925224e-05
0.9997505,0.00013859411,0,0.000973782,818.4936907539709,196.20419832488363,801,50775.66,7.076434,1948.7129,0.28997698,55393.79,7.6791687,0,,,,,818.4936907539709,0.00019224272,196.20419832488363,0.0002034806,-0.00042270625,-4.2295087e-05
1.0000523,0.00013851117,0,0.0009748065,818.494304255581,196.20460773431657,802,50790.477,7.0773106,1951.0166,0.2895146,55410.51,7.674573,0,,,,,818.494304255581,0.00019220752,196.20460773431657,0.00020348422,-0.00013218838,2.5380818e-05
1.0001113,0.00013855744,0,0.00097583095,818.4939269338871,196.20417455260707,803,50794.3,7.0771933,1950.0359,0.28960082,55413.785,7.6771374,0,,,,,818.4939269338871,0.00019218183,196.20417455260707,0.00020344908,-0.00014674042,-0.00045155126
1.0002614,0.00013853972,0,0.0009768554,818.4939839669312,196.20436318953358,804,50801.363,7.0774055,1948.5636,0.2898486,55422.1,7.676155,0,,,,,818.4939839669312,0.00019217016,196.20436318953358,0.0002034066,-0.0003098564,-5.8920137e-05
0.999938,0.00013852621,0,0.0009778799,818.4942976282641,196.20462791723588,805,50785.652,7.076825,1948.8884,0.28973645,55404.18,7.675407,0,,,,,818.4942976282641,0.00019222264,196.20462791723588,0.00020347684,0.0,0.0
0.9999823,0.0001384687,0,0.0009789043,818.4938237167977,196.20484842739896,806,50787.17,7.076987,1949.0912,0.2896229,55406.633,7.6722207,0,,,,,818.4938237167977,0.00019224109,196.20484842739896,0.0002034852,-0.00020072894,-0.00011169134
0.99994946,0.00013844259,0,0.0009799286,818.4939532760015,196.2047140814201,807,50786.07,7.076775,1949.5759,0.2895011,55404.812,7.6707735,0,,,,,818.4939532760015,0.00019223864,196.2047140814201,0.00020348562,-0.00021955889,-4.10989e-05
0.99995357,0.00013859093,0,0.000980953,818.4935904070388,196.2048333897202,808,50788.09,7.076858,1949.7994,0.28972217,55405.04,7.6789923,0,,,,,818.4935904070388,0.0001922021,196.2048333897202,0.00020345837,-0.00047676606,-3.9279945e-05
0.999847,0.00013857157,0,0.0009819773,818.4934871078792,196.2042673227925,809,50781.69,7.076707,1949.0441,0.2896761,55399.137,7.6779203,0,,,,,818.4934871078792,0.00019222517,196.2042673227925,0.00020349353,-0.00025011826,-0.00028192904
1.0004185,0.00013854959,0,0.0009830015,818.4941062447788,196.20473808769287,810,50811.97,7.077916,1948.2285,0.28983548,55430.8,7.676702,0,,,,,818.4941062447788,0.0001921161,196.20473808769287,0.00020335116,-3.1954718e-05,-0.00010700461
0.9998441,0.00013859129,0,0.0009840259,818.4938577047537,196.20432744815736,811,50784.09,7.076784,1950.0492,0.2895033,55398.973,7.679013,0,,,,,818.4938577047537,0.00019222316,196.20432744815736,0.00020351341,-0.00035236316,-0.0005997314
1.0002832,0.0001385815,128,0.0009850501,818.4941421363319,196.20431422602235,812,50806.5,7.078115,1949.3566,0.28971452,55423.31,7.6784697,128,,,,,818.4941421363319,0.00019213931,196.20431422602235,0.00020341159,-0.00013452764,-0.0007072751
0.99999076,0.0001383739,0,0.0009860743,818.4933010941343,196.20441755065883,813,50791.367,7.077119,1947.3386,0.28986904,55407.1,7.666968,0,,,,,818.4933010941343,0.00019221766,196.20441755065883,0.00020347585,-0.00023296768,-5.215775e-05
1.000247,0.00013863583,0,0.0009870986,818.4942296468834,196.20454929063436,814,50805.535,7.077584,1947.4954,0.28970808,55421.297,7.681481,0,,,,,818.4942296468834,0.00019213668,196.20454929063436,0.00020342883,1.6777212e-05,-0.0006194253
0.99992466,0.00013835469,0,0.0009881227,818.4939931549404,196.2044282184674,815,50789.098,7.0769033,1946.3365,0.2898846,55403.438,7.665903,0,,,,,818.4939931549404,0.00019220864,196.2044282184674,0.00020347122,5.7979764e-06,-0.00012390106
0.99979067,0.00013844129,0,0.0009891468,818.4937611408386,196.2040742575257,816,50783.46,7.076615,1947.1455,0.28953075,55396.016,7.6707015,0,,,,,818.4937611408386,0.00019222588,196.2040742575257,0.00020352344,-0.00010749565,-0.0005868553
0.999727,0.00013841184,0,0.0009901709,818.4940173028567,196.20455388237048,817,50779.445,7.0763907,1948.8749,0.2896106,55392.49,7.6690693,0,,,,,818.4940173028567,0.0001922234,196.20455388237048,0.00020351104,7.966898e-06,-0.00046248946
1.000046,0.00013833998,0,0.000991195,818.4945732807391,196.20452164553626,818,50795.44,7.0773106,1949.087,0.2897018,55410.16,7.665088,0,,,,,818.4945732807391,0.00019218834,196.20452164553626,0.00020344644,-1.6797954e-05,-2.3151457e-05
0.9999339,0.00013846449,0,0.000992219,818.4940464026245,196.2043359186103,819,50791.28,7.0769887,1947.634,0.28972435,55403.95,7.6719866,0,,,,,818.4940464026245,0.00019217916,196.2043359186103,0.00020346789,-0.000406966,-0.0006939435
1.0000341,0.00013820568,0,0.000993243,818.4934811969592,196.2045119718709,820,50795.406,7.077013,1947.6339,0.28966933,55409.504,7.6576467,0,,,,,818.4934811969592,0.00019215979,196.2045119718709,0.0002034065,-0.0011159488,-0.00023331639
0.9999109,0.00013841245,0,0.000994267,818.4926860959665,196.20415958639182,821,50790.65,7.0767384,1945.2092,0.2896899,55402.676,7.6691036,0,,,,,818.4926860959665,0.00019216751,196.20415958639182,0.00020342635,-0.00092641055,-0.0009734025
0.9998169,0.00013825456,0,0.0009952909,818.4930124562532,196.20442379349305,822,50785.555,7.076749,1946.3701,0.28978032,55397.47,7.660355,0,,,,,818.4930124562532,0.00019232444,196.20442379349305,0.00020346238,-0.0012182903,-0.00024458035
0.99999803,0.00013835572,0,0.0009963148,818.4926298302523,196.20471360483532,823,50796.242,7.0773077,1947.4229,0.28962636,55407.504,7.6659603,0,,,,,818.4926298302523,0.00019218924,196.20471360483532,0.00020345228,-0.0012099417,-0.00028156926
0.9998018,0.00013831999,0,0.0009973387,818.4929609934227,196.20407551307864,824,50786.945,7.076754,1947.0531,0.28959534,55396.633,7.66398,0,,,,,818.4929609934227,0.00019219503,196.20407551307864,0.00020347172,-0.00093681115,-0.0008635632
0.99990237,0.00013825129,0,0.0009983625,818.4928109576006,196.20443974288014,825,50791.273,7.076982,1945.2305,0.28978327,55402.203,7.6601734,0,,,,,818.4928109576006,0.00019216585,196.20443974288014,0.00020345642,-0.0008184041,-0.00035125972
1.0001217,0.00013819609,0,0.0009993863,818.4935923397702,196.2038641055242,826,50804.113,7.0774183,1944.8197,0.2897373,55414.36,7.6571155,0,,,,,818.4935923397702,0.00019210794,196.2038641055242,0.00020340571,-0.0007278847,-0.00088358735
0.9998888,0.0001379324,0,0.0010004102,818.4932421527326,196.2044176486093,827,50792.68,7.077008,1946.8549,0.28951886,55401.45,7.6425047,0,,,,,818.4932421527326,0.00019216993,196.2044176486093,0.00020346131,-0.0008350293,-0.00053486996
0.9999271,0.00013793356,0,0.0010014339,818.4929202652161,196.20444977447727,828,50794.06,7.0769873,1944.8385,0.28970522,55403.574,7.642569,0,,,,,818.4929202652161,0.00019216775,196.20444977447727,0.00020341817,-0.00097412197,-0.00015948198
0.9999754,0.00013815747,0,0.0010024576,818.4927820127416,196.20424863092126,829,50797.734,7.0772204,1946.415,0.28965154,55406.25,7.654976,0,,,,,818.4927820127416,0.00019228202,196.20424863092126,0.00020348233,-0.00089961564,-0.0009025753
1.0000985,0.00013803341,0,0.0010034813,818.4928018023315,196.20465075974374,830,50803.668,7.078814,1944.8018,0.28977677,55413.066,7.6481023,0,,,,,818.4928018023315,0.00019210477,196.20465075974374,0.00020351938,-0.0009958913,-0.00080178474
1.0000834,0.00013805335,0,0.001004505,818.4929629776144,196.20391475190237,831,50805.555,7.0775166,1945.9166,0.2892937,55412.234,7.6492066,0,,,,,818.4929629776144,0.00019213143,196.20391475190237,0.0002034442,-0.0007419756,-0.001177135
0.9999434,0.0001379297,8192,0.0010055286,818.4928407628917,196.2042621759095,832,50799.13,7.0772257,1944.9768,0.289579,55404.477,7.642356,8192,,,,,818.4928407628917,0.00019214429,196.2042621759095,0.00020343723,-0.00097183057,-0.0007773913
1.000193,0.00013788602,0,0.0010065523,818.4933357419077,196.2040451567646,833,50811.91,7.077819,1945.2949,0.28954345,55418.31,7.6399355,0,,,,,818.4933357419077,0.00019210146,196.2040451567646,0.0002033864,-0.0005835174,-0.000964393
0.9999717,0.00013810697,0,0.0010075758,818.4933912821235,196.20343251390494,834,50800.664,7.0772085,1946.0226,0.28959757,55406.043,7.652178,0,,,,,818.4933912821235,0.00019212326,196.20343251390494,0.00020342704,-0.00050265517,-0.001515268
0.999927,0.00013804105,0,0.0010085993,818.4937037994277,196.2036869268698,835,50797.387,7.0771437,1946.8225,0.28948122,55403.566,7.648525,0,,,,,818.4937037994277,0.00019214289,196.2036869268698,0.00020344109,-0.00050671486,-0.0013779642
1.0000943,0.00013805927,0,0.0010096228,818.4942630546391,196.2033755203705,836,50806.1,7.077387,1944.826,0.28963435,55412.84,7.649535,0,,,,,818.4942630546391,0.00019210656,196.2033755203705,0.00020341726,-0.00031071212,-0.0014624599
1.0002944,0.00013827786,0,0.0010106463,818.4939578816297,196.20369613927548,837,50815.938,7.077948,1942.7932,0.28978413,55423.93,7.6616464,0,,,,,818.4939578816297,0.00019206491,196.20369613927548,0.00020340018,-0.00017650596,-0.0019512022
0.99988866,0.00013814418,0,0.0010116698,818.4943038894428,196.20311390548733,838,50795.14,7.077001,1944.4507,0.2897315,55401.445,7.654239,0,,,,,818.4943038894428,0.00019215803,196.20311390548733,0.00020349465,0.00021809404,-0.002261723
0.99993217,0.00013819993,0,0.0010126932,818.4949657498325,196.20319071332887,839,50798.562,7.077052,1944.473,0.28986558,55403.855,7.6573286,0,,,,,818.4949657498325,0.00019213252,196.20319071332887,0.00020346853,0.00022517038,-0.0024628413
0.99984545,0.00013834934,0,0.0010137166,818.4951803574315,196.20291121333327,840,50794.793,7.078152,1943.9727,0.28997236,55399.05,7.6656065,0,,,,,818.4951803574315,0.00019217665,196.20291121333327,0.00020348564,0.0008881692,-0.0024379394
1.0000767,0.00013832957,0,0.00101474,818.4951457830034,196.202774474914,841,50808.895,7.077594,1944.9913,0.28943196,55411.863,7.664511,0,,,,,818.4951457830034,0.00019210904,196.202774474914,0.0002034417,0.0005494802,-0.0023261064
1.0001906,0.00013832423,0,0.0010157633,818.4947131135327,196.20248857218036,842,50816.633,7.077874,1944.5908,0.2897086,55418.176,7.6642156,0,,,,,818.4947131135327,0.00019207843,196.20248857218036,0.00020340833,0.0003369648,-0.0026247858
1.0001545,0.00013827521,0,0.0010167866,818.4954832174753,196.2024144509175,843,50815.465,7.0779295,1943.8307,0.289965,55416.17,7.661499,0,,,,,818.4954832174753,0.00019206307,196.2024144509175,0.00020342733,0.00085265713,-0.0027593332
1.0002508,0.0001385298,0,0.0010178098,818.4950141277484,196.2025268113477,844,50820.08,7.07804,1944.2023,0.28995058,55421.508,7.6756053,0,,,,,818.4950141277484,0.00019205463,196.2025268113477,0.00020343179,0.0006762737,-0.002920704
1.0001245,0.00013826186,0,0.001018833,818.4951477802501,196.20263121480804,845,50813.688,7.0778627,1944.3636,0.28962597,55414.508,7.66076,0,,,,,818.4951477802501,0.00019209215,196.20263121480804,0.00020345474,0.0006675241,-0.0026569203
1.000026,0.0001383271,0,0.0010198562,818.4952308588176,196.20306678047655,846,50809.484,7.0776796,1943.4119,0.2896767,55409.055,7.664375,0,,,,,818.4952308588176,0.00019211508,196.20306678047655,0.00020349296,0.00081658503,-0.0028272683
0.99991566,0.00013807049,0,0.0010208794,818.4944962776237,196.20270582260758,847,50804.74,7.077341,1944.4272,0.28958067,55402.94,7.6501565,0,,,,,818.4944962776237,0.00019210464,196.20270582260758,0.00020346695,0.0004423278,-0.0028065841
0.9997849,0.00013833979,0,0.0010229256,818.4937987272333,196.20260573072704,849,50798.1,7.0771422,1944.6777,0.2894839,55395.695,7.665077,0,,,,,818.4937987272333,0.00019214852,196.20260573072704,0.0002035213,-0.0005164638,-0.0029222392
1.0001991,0.0001383382,0,0.0010239487,818.4934289766386,196.20296072417665,850,50819.723,7.078102,1946.1353,0.28960192,55418.64,7.6649895,0,,,,,818.4934289766386,0.00019204081,196.20296072417665,0.00020342502,-0.0008157445,-0.0029226402
1.0002925,0.00013824452,128,0.0010249717,818.4928974700688,196.2026373005259,851,50824.426,7.07848,1946.0321,0.2893498,55423.824,7.6597986,128,,,,,818.4928974700688,0.0001920457,196.2026373005259,0.00020342042,-0.0011505825,-0.0025284863
0.9999935,0.00013820258,0,0.0010259947,818.4928353192416,196.20303670063288,852,50808.63,7.077626,1945.5289,0.28936303,55407.254,7.657475,0,,,,,818.4928353192416,0.00019208573,196.20303670063288,0.00020342319,-0.0012679731,-0.0022039923
0.9998778,0.00013816537,0,0.0010270177,818.492478463233,196.20286747158798,853,50804.527,7.077415,1944.6669,0.2896933,55400.844,7.655413,0,,,,,818.492478463233,0.0001921222,196.20286747158798,0.00020351504,-0.0014249735,-0.002762167
1.0000793,0.00013832471,0,0.0010280407,818.4923950848536,196.2029026783349,854,50815.434,7.0779247,1944.2262,0.28961092,55412.004,7.6642423,0,,,,,818.4923950848536,0.00019209197,196.2029026783349,0.0002035443,-0.0015991702,-0.0030815715
1.0002269,0.00013850411,0,0.0010290635,818.4920737878349,196.20235878672514,855,50822.273,7.078177,1945.8046,0.2895344,55420.18,7.674182,0,,,,,818.4920737878349,0.0001920427,196.20235878672514,0.00020343739,-0.0015756849,-0.0032976095
1.0003713,0.00013853288,128,0.0010300863,818.4924324802648,196.2028541221448,856,50830.383,7.0788307,1942.6891,0.28963253,55428.188,7.675776,128,,,,,818.4924324802648,0.00019203681,196.2028541221448,0.00020336614,-0.0014672547,-0.0030026676
1.0002075,0.00013836093,0,0.0010311091,818.4930314468809,196.20275618771944,857,50823.117,7.078227,1945.2991,0.2895431,55419.113,7.6662493,0,,,,,818.4930314468809,0.00019203607,196.20275618771944,0.00020339721,-0.0012692779,-0.0030242691
1.0000811,0.00013838435,0,0.001032132,818.4930878728464,196.20228719692835,858,50817.527,7.077972,1945.0153,0.28980583,55412.1,7.6675463,0,,,,,818.4930878728464,0.00019207357,196.20228719692835,0.00020344986,-0.0013348014,-0.0032678687
1.000073,0.00013816133,0,0.0010331548,818.4925797424672,196.20269912526464,859,50818.566,7.078001,1944.944,0.28985813,55411.652,7.655189,0,,,,,818.4925797424672,0.00019207192,196.20269912526464,0.00020347624,-0.0013783944,-0.0032253438
0.9999916,0.00013818954,0,0.0010341775,818.4922956695282,196.20253083758536,860,50815.12,7.078059,1948.7375,0.28972933,55407.15,7.656753,0,,,,,818.4922956695282,0.00019207779,196.20253083758536,0.00020347198,-0.0015796549,-0.0034700227
1.0000442,0.00013822874,0,0.0010352002,818.4931639678414,196.20311769867877,861,50817.703,7.0780263,1945.9523,0.28970265,55410.066,7.658925,0,,,,,818.4931639678414,0.00019204043,196.20311769867877,0.00020345906,-0.0008721237,-0.003154382
0.9997114,0.00013833858,0,0.0010362228,818.4927403234753,196.20241611538097,862,50801.176,7.077298,1946.0793,0.2893693,55391.62,7.6650105,0,,,,,818.4927403234753,0.00019212924,196.20241611538097,0.00020354752,-0.0010615581,-0.0033347704
1.0002279,0.00013842332,0,0.0010372455,818.4925222312886,196.20231174559024,863,50827.11,7.0784698,1943.8821,0.2897849,55420.242,7.6697054,0,,,,,818.4925222312886,0.00019205763,196.20231174559024,0.0002034617,-0.0012752075,-0.0033847096
0.9999143,0.00013865397,0,0.0010382681,818.492466702997,196.20248260407874,864,50810.58,7.077747,1945.8607,0.28955925,55402.863,7.682485,0,,,,,818.492466702997,0.00019207141,196.20248260407874,0.00020348966,-0.0013480184,-0.0035447318
1.0000014,0.00013848685,0,0.0010392906,818.4923903151711,196.202411050051,865,50816.164,7.07747,1943.5623,0.28966352,55407.69,7.673226,0,,,,,818.4923903151711,0.0001920341,196.202411050051,0.00020346361,-0.0016089688,-0.003583376
1.0001143,0.00013844586,0,0.0010403132,818.4930768606615,196.20341233542254,866,50822.637,7.0782585,1946.3668,0.28970715,55413.945,7.6709547,0,,,,,818.4930768606615,0.00019228595,196.20341233542254,0.00020442571,-0.0015790487,-0.0036856441
0.99994874,0.00013847955,0,0.0010413356,818.4925254890873,196.20213267396184,867,50813.996,7.0768137,1946.3917,0.2896855,55404.773,7.6728215,0,,,,,818.4925254890873,0.00019201952,196.20213267396184,0.00020350447,-0.0016261633,-0.0039350432
1.0000423,0.00013830386,0,0.0010423581,818.491640089481,196.20191350797623,868,50820.4,7.077131,1945.1609,0.28936413,55409.96,7.663087,0,,,,,818.491640089481,0.00019201275,196.20191350797623,0.00020349308,-0.0022514532,-0.004526929
0.99998635,0.00013847928,8192,0.0010433805,818.4917550875257,196.20201873357377,869,50816.98,7.0781074,1944.6166,0.28971022,55406.855,7.6728067,8192,,,,,818.4917550875257,0.00019209187,196.20201873357377,0.00020355481,-0.0020685454,-0.004335534
1.0,0.00013839378,0,0.0010444028,818.4916455562378,196.20222197275052,870,50818.016,7.0768914,1944.7401,0.28989837,55407.613,7.668069,0,,,,,818.4916455562378,0.00019202646,196.20222197275052,0.00020349129,-0.0018277551,-0.0042095482
0.9997524,0.00013856225,0,0.0010454252,818.4919616917331,196.2020422953866,871,50804.414,7.0764327,1945.8616,0.28975686,55393.895,7.6774035,0,,,,,818.4919616917331,0.00019208396,196.2020422953866,0.00020354758,-0.0020127466,-0.0039278474
1.0001507,0.00013848278,0,0.0010464475,818.4919163468908,196.2020207021843,872,50826.19,7.0778418,1946.4426,0.28968316,55415.96,7.6730003,0,,,,,818.4919163468908,0.00019203167,196.2020207021843,0.00020346095,-0.0019366648,-0.0041519795
1.0001692,0.00013848774,0,0.0010474698,818.4919753397019,196.20162725938633,873,50828.13,7.0774465,1945.3965,0.289794,55416.984,7.6732755,0,,,,,818.4919753397019,0.00019196895,196.20162725938633,0.00020344825,-0.002184014,-0.004444939
0.9996654,0.00013850123,0,0.001048492,818.4914158426575,196.20177738117275,874,50802.05,7.076381,1947.0073,0.28936383,55389.074,7.6740227,0,,,,,818.4914158426575,0.00019207086,196.20177738117275,0.00020353537,-0.002332068,-0.004613181
0.9997951,0.00013826729,0,0.0010495143,818.4910039203445,196.20138831259354,875,50809.535,7.076887,1946.5922,0.28965813,55396.258,7.6610603,0,,,,,818.4910039203445,0.00019204752,196.20138831259354,0.00020352528,-0.0024874026,-0.0046206275
1.000009,0.00013805168,0,0.0010505364,818.4911110372732,196.20197158233265,876,50820.844,7.07708,1946.4788,0.28941008,55408.11,7.649114,0,,,,,818.4911110372732,0.00019200981,196.20197158233265,0.00020349343,-0.0024139616,-0.004380957
1.000075,0.00013811763,0,0.0010515585,818.4912451865432,196.20199643734676,877,50824.1,7.0773354,1945.0059,0.2897499,55411.77,7.652768,0,,,,,818.4912451865432,0.00019209627,196.20199643734676,0.00020349651,-0.0023358522,-0.0046308152
0.9998005,0.00013782183,0,0.0010525807,818.4918706368635,196.20136696243924,878,50811.21,7.076694,1944.3636,0.28981388,55396.56,7.636379,0,,,,,818.4918706368635,0.00019204959,196.20136696243924,0.00020352074,-0.0022829538,-0.0048313946
1.000144,0.00013795051,0,0.0010536027,818.4917417456527,196.20179910894126,879,50827.56,7.0775275,1946.8171,0.28955284,55415.59,7.643509,0,,,,,818.4917417456527,0.00019200622,196.20179910894126,0.00020348254,-0.0022599746,-0.004637011
1.0001307,0.00013776454,0,0.0010546247,818.4912946450975,196.2016984398909,880,50827.78,7.0774565,1943.7023,0.28966978,55414.855,7.633204,0,,,,,818.4912946450975,0.0001919761,196.2016984398909,0.00020345737,-0.0024008688,-0.0047985036
1.0001292,0.00013808088,0,0.0010556467,818.4914718757011,196.2012027780952,881,50826.684,7.0773134,1944.2992,0.28960901,55414.773,7.6507325,0,,,,,818.4914718757011,0.00019195523,196.2012027780952,0.0002034396,-0.002460354,-0.004769556
1.0000668,0.00013779914,0,0.0010566687,818.4909716773652,196.20148202170077,882,50825.023,7.0771947,1944.8854,0.28976583,55411.312,7.635122,0,,,,,818.4909716773652,0.00019195206,196.20148202170077,0.00020342707,-0.0028099418,-0.004873765
1.0001425,0.00013773653,0,0.0010576906,818.4914618577291,196.20152592130643,883,50829.832,7.077498,1946.2073,0.2894421,55415.504,7.631652,0,,,,,818.4914618577291,0.00019196664,196.20152592130643,0.00020346716,-0.0026524863,-0.005016834
1.0003614,0.0001379858,0,0.0010587125,818.4917628626649,196.20178396343044,884,50840.168,7.077911,1943.6658,0.28967878,55427.637,7.645464,0,,,,,818.4917628626649,0.00019191386,196.20178396343044,0.0002034098,-0.0022579625,-0.0048932447
0.99995786,0.00013784341,0,0.0010597343,818.4910988716085,196.20176453385687,885,50819.477,7.076973,1943.3395,0.28971934,55405.277,7.637574,0,,,,,818.4910988716085,0.00019200992,196.20176453385687,0.00020350491,-0.002504122,-0.004890419
0.9998738,0.00013789552,0,0.001060756,818.4914425781209,196.20184048243584,886,50816.59,7.076983,1944.7961,0.2897808,55400.62,7.640462,0,,,,,818.4914425781209,0.00019198954,196.20184048243584,0.00020351299,-0.0020144316,-0.0052512963
1.0001312,0.00013811929,0,0.0010617778,818.4914506801462,196.20181475213417,887,50827.996,7.0773096,1943.9701,0.28982052,55414.883,7.6528597,0,,,,,818.4914506801462,0.00019196936,196.20181475213417,0.00020345826,-0.0022379665,-0.004669047
0.9998477,0.00013807337,8192,0.0010627996,818.491846852536,196.20129348753733,888,50814.184,7.076774,1945.327,0.28948954,55399.176,7.6503158,8192,,,,,818.491846852536,0.00019202974,196.20129348753733,0.0002035055,-0.0022430886,-0.0050742603
0.999983,0.00013818764,0,0.0010638213,818.4913641115083,196.20136003829288,889,50819.883,7.0770264,1944.8273,0.2895421,55406.67,7.6566467,0,,,,,818.4913641115083,0.00019201894,196.20136003829288,0.0002035067,-0.0027385259,-0.004712782
0.99992263,0.0001379976,0,0.0010648429,818.4913830101701,196.20151574375046,890,50818.19,7.077105,1945.445,0.28967974,55403.33,7.6461177,0,,,,,818.4913830101701,0.00019201868,196.20151574375046,0.00020350548,-0.0025235973,-0.0050313883
0.9998784,0.00013834026,0,0.0010658646,818.4909888410186,196.2015238186384,891,50814.57,7.076931,1943.7885,0.28974527,55400.875,7.6651034,0,,,,,818.4909888410186,0.00019203163,196.2015238186384,0.00020349736,-0.0025625064,-0.0047874767
0.9996439,0.00013819062,0,0.0010668861,818.4909322921105,196.20173348036477,892,50802.703,7.076301,1944.4823,0.28945503,55387.883,7.6568127,0,,,,,818.4909322921105,0.00019206645,196.20173348036477,0.0002035517,-0.0027226193,-0.0046881293
0.9995646,0.00013837763,0,0.0010679077,818.4912092774758,196.20151014620234,893,50799.016,7.076041,1943.4957,0.2897214,55383.49,7.667174,0,,,,,818.4912092774758,0.000192071,196.20151014620234,0.00020355447,-0.0026140208,-0.004977279
0.9998671,0.00013840993,0,0.0010689292,818.4905570265628,196.20155089304535,894,50814.26,7.0767484,1943.9664,0.2898473,55400.25,7.668964,0,,,,,818.4905570265628,0.00019201302,196.20155089304535,0.00020349589,-0.0031098668,-0.0046262327
0.9998989,0.00013843735,0,0.0010699506,818.4899513224309,196.20150547755318,895,50815.86,7.0768833,1945.2449,0.289514,55402.01,7.670483,0,,,,,818.4899513224309,0.00019199068,196.20150547755318,0.00020350814,-0.003455721,-0.0051321387
1.0000083,0.00013861328,0,0.0010709721,818.4908241499145,196.20125016639764,896,50821.605,7.077102,1944.5781,0.28956282,55408.08,7.680231,0,,,,,818.4908241499145,0.0001919725,196.20125016639764,0.0002034862,-0.0033439894,-0.0050733495
1.0000203,0.00013863311,0,0.0010719935,818.4901298760926,196.20179727183825,897,50821.914,7.077063,1943.7126,0.28966674,55408.734,7.6813297,0,,,,,818.4901298760926,0.00019204449,196.20179727183825,0.00020346392,-0.00341907,-0.004919535
1.00006,0.00013839589,128,0.0010730148,818.4905740812889,196.20149771401424,898,50825.402,7.077608,1942.8254,0.28964272,55410.934,7.668186,128,,,,,818.4905740812889,0.0001919425,196.20149771401424,0.00020347623,-0.0032698805,-0.005547029
1.0002532,0.00013851307,0,0.0010740361,818.4907469544586,196.20154017762303,899,50834.168,7.0775723,1942.6328,0.28958362,55421.645,7.674679,0,,,,,818.4907469544586,0.00019192987,196.20154017762303,0.00020344174,-0.0026955686,-0.0051651476
1.0000871,0.00013836169,0,0.0010750574,818.4906518250051,196.20139687003086,900,50826.633,7.077239,1944.2258,0.28941613,55412.44,7.666291,0,,,,,818.4906518250051,0.00019194026,196.20139687003086,0.00020342725,-0.0028105283,-0.005354768
1.0000237,0.00013849874,0,0.0010760786,818.4905489402091,196.20133168137812,901,50823.27,7.0782804,1968.5996,0.28994238,55408.93,7.6738844,0,,,,,818.4905489402091,0.00019208308,196.20133168137812,0.00020360544,-0.0029862085,-0.0054270914
1.0002959,0.00013836642,0,0.0010770998,818.4907455503022,196.20175499257766,902,50835.99,7.077683,1941.6113,0.28977185,55424.008,7.666553,0,,,,,818.4907455503022,0.00019191904,196.20175499257766,0.00020339906,-0.0029846132,-0.0050270706
1.0001845,0.00013817534,0,0.001078121,818.4902642014838,196.20116981023799,903,50830.652,7.077304,1941.622,0.28995547,55417.836,7.655966,0,,,,,818.4902642014838,0.00019193527,196.20116981023799,0.00020344896,-0.0030219378,-0.0051906933
0.9999545,0.00013824138,0,0.0010791421,818.4912646798491,196.2012002710771,904,50818.633,7.07696,1940.9475,0.28969586,55405.094,7.659625,0,,,,,818.4912646798491,0.00019198365,196.2012002710771,0.00020350434,-0.0026216104,-0.004912167
0.99989694,0.00013809952,0,0.0010801632,818.4906299653335,196.20085589686306,905,50815.973,7.0768967,1943.7566,0.2895745,55401.902,7.651765,0,,,,,818.4906299653335,0.00019198415,196.20085589686306,0.00020350529,-0.0030846642,-0.0050458317
1.0000557,0.00013796403,0,0.0010811843,818.4905842309572,196.20133720544158,906,50823.73,7.077195,1943.5071,0.2896317,55410.7,7.6442575,0,,,,,818.4905842309572,0.00019198855,196.20133720544158,0.0002035064,-0.0033713528,-0.0052554375
1.0001675,0.00013785921,8192,0.0010822052,818.4905224315232,196.20107346946637,907,50829.508,7.0775967,1943.0869,0.2898163,55416.89,7.6384497,8192,,,,,818.4905224315232,0.00019200142,196.20107346946637,0.00020344219,-0.0031422563,-0.0053539225
0.9997397,0.00013763065,0,0.0010832262,818.4893933834596,196.20110742669254,908,50807.234,7.076457,1944.0636,0.28983992,55393.19,7.6257854,0,,,,,818.4893933834596,0.00019202221,196.20110742669254,0.00020352779,-0.0035353457,-0.005626771
1.0000868,0.00013759994,0,0.0010842471,818.4905722244523,196.20166845303743,909,50823.523,7.0770855,1943.889,0.28966808,55412.42,7.624084,0,,,,,818.4905722244523,0.00019195098,196.20166845303743,0.00020345957,-0.003061842,-0.0051448047
0.9999915,0.00013772551,0,0.001085268,818.4906050943523,196.20145429332104,910,50818.375,7.076955,1943.215,0.28953505,55407.14,7.631042,0,,,,,818.4906050943523,0.0001919862,196.20145429332104,0.00020352182,-0.0032965927,-0.005300099
0.9998604,0.0001374835,0,0.0010862888,818.490407158822,196.20094961981857,911,50811.81,7.0765963,1945.0857,0.2895224,55399.88,7.6176324,0,,,,,818.490407158822,0.00019202511,196.20094961981857,0.00020353857,-0.003111874,-0.005255753
1.0001953,0.00013765368,0,0.0010873097,818.4915321157971,196.20116671361558,912,50828.926,7.077453,1942.9402,0.28972647,55418.43,7.627062,0,,,,,818.4915321157971,0.00019197688,196.20116671361558,0.00020343624,-0.0028985608,-0.004992545
1.0001439,0.00013764406,0,0.0010883304,818.4906023562417,196.20071837834638,913,50827.863,7.0772967,1944.6396,0.2896568,55415.586,7.626529,0,,,,,818.4906023562417,0.00019195034,196.20071837834638,0.00020348275,-0.0030620054,-0.005425936
0.9997753,0.00013764697,0,0.0010913925,818.4908894286107,196.20184086789533,916,50808.195,7.0764055,1943.3434,0.28973237,55395.164,7.62669,0,,,,,818.4908894286107,0.00019200229,196.20184086789533,0.00020353057,-0.0028951468,-0.0049959747
0.9998552,0.00013781787,0,0.0010924131,818.4910785516013,196.2015338908845,917,50812.812,7.0766425,1943.9518,0.28949848,55399.59,7.636159,0,,,,,818.4910785516013,0.00019200161,196.2015338908845,0.00020349905,-0.002602161,-0.0050502517
0.99978864,0.00013792956,0,0.0010934336,818.4910334977919,196.201390758468,918,50808.777,7.0767007,1942.2104,0.28983602,55395.902,7.6423473,0,,,,,818.4910334977919,0.00019202754,196.201390758468,0.00020354112,-0.002605205,-0.0053215967
1.000485,0.00013786442,0,0.0010944541,818.4910904944036,196.2013297198531,919,50844.06,7.077949,1943.6799,0.28972703,55434.48,7.6387386,0,,,,,818.4910904944036,0.00019187473,196.2013297198531,0.00020338487,-0.0026874368,-0.0054002195
1.0002174,0.00013787382,0,0.0010954746,818.4911312617221,196.20095040663477,920,50830.094,7.077564,1943.1299,0.2898565,55419.66,7.63926,0,,,,,818.4911312617221,0.00019196095,196.20095040663477,0.00020346326,-0.0025211754,-0.005249146
0.9998836,0.00013813887,0,0.0010964951,818.4917936286392,196.2008875349407,921,50814.016,7.076832,1945.8868,0.2897752,55401.164,7.6539454,0,,,,,818.4917936286392,0.00019200736,196.2008875349407,0.00020354117,-0.0021575368,-0.0056955772
1.0000123,0.00013814056,0,0.0010975155,818.4921683917595,196.20084330658847,922,50819.75,7.0770307,1945.975,0.2896299,55408.297,7.654039,0,,,,,818.4921683917595,0.00019196076,196.20084330658847,0.00020352533,-0.0020188214,-0.005873667
1.0003011,0.00013807586,0,0.0010985358,818.4920036210937,196.2010052777079,923,50834.62,7.0777407,1944.655,0.28942838,55424.297,7.650454,0,,,,,818.4920036210937,0.0001919519,196.2010052777079,0.00020348794,-0.0017744104,-0.0057218727
0.9996965,0.00013799414,0,0.0010995561,818.4923240947221,196.2008374990122,924,50803.05,7.076487,1945.3076,0.28951165,55390.797,7.645926,0,,,,,818.4923240947221,0.00019207472,196.2008374990122,0.00020361859,-0.0017296391,-0.0059014778
1.0000418,0.00013797566,8192,0.0011005764,818.4920445261214,196.20112295242282,925,50821.016,7.077172,1945.0138,0.28970867,55409.934,7.6449018,8192,,,,,818.4920445261214,0.0001919937,196.20112295242282,0.00020352131,-0.0017938805,-0.0061036814
0.9999954,0.00013773664,0,0.0011015966,818.4924117072476,196.20050330484082,926,50818.055,7.0771184,1947.5758,0.28958237,55407.36,7.6316586,0,,,,,818.4924117072476,0.00019202709,196.20050330484082,0.00020357326,-0.0016241075,-0.0061110985
1.0002147,0.00013768072,0,0.0011026168,818.4922353868955,196.20061931202508,927,50829.355,7.077551,1945.2926,0.28971162,55419.508,7.62856,0,,,,,818.4922353868955,0.00019193855,196.20061931202508,0.00020350322,-0.0019248063,-0.0064585805
1.0011386,0.00013794283,2176,0.0011036369,818.4924452421241,196.20178107006362,928,50875.98,7.0852637,1945.2166,0.28962144,55470.7,7.643083,2176,,,,,818.4924452421241,0.00019178393,196.20178107006362,0.00020368677,-0.0013480737,-0.006337629
1.0000113,0.0001379118,0,0.0011046571,818.4930009203997,196.2005573881933,929,50819.324,7.07713,1945.1863,0.2898407,55408.24,7.641364,0,,,,,818.4930009203997,0.00019199688,196.2005573881933,0.00020353653,-0.0012117965,-0.0061671664
0.9999619,0.00013804408,0,0.0011056771,818.4917521604848,196.20083326225003,930,50817.184,7.0768614,1943.8623,0.28978696,55405.504,7.648693,0,,,,,818.4917521604848,0.00019198057,196.20083326225003,0.00020352904,-0.0020542648,-0.006489638
1.0002676,0.00013803087,0,0.0011066971,818.4919482611513,196.20105355254296,931,50831.24,7.077437,1942.3392,0.28946912,55422.44,7.6479607,0,,,,,818.4919482611513,0.00019194353,196.20105355254296,0.00020348234,-0.002005251,-0.005998569
0.99994785,0.00013822106,0,0.0011077172,818.4915200998647,196.20086711994057,932,50816.24,7.0767436,1943.0485,0.2895482,55404.723,7.6584992,0,,,,,818.4915200998647,0.00019198256,196.20086711994057,0.0002035168,-0.0020938208,-0.0062007844
0.99997544,0.00013837853,0,0.0011087371,818.4916745613643,196.2007649024642,933,50817.71,7.0769024,1941.39,0.28952843,55406.254,7.667224,0,,,,,818.4916745613643,0.00019199592,196.2007649024642,0.00020355232,-0.002155296,-0.006681115
0.9998484,0.00013818276,0,0.001109757,818.4913167628879,196.2013680805058,934,50810.54,7.076544,1942.1737,0.28944096,55399.215,7.656377,0,,,,,818.4913167628879,0.00019200328,196.2013680805058,0.00020357946,-0.0025949418,-0.006102538
1.0001056,0.00013840587,0,0.0011107768,818.4911513405398,196.20003329200205,935,50824.76,7.0771055,1942.0764,0.28959203,55413.465,7.668739,0,,,,,818.4911513405398,0.00019195746,196.20003329200205,0.00020352844,-0.0026087938,-0.006673224
1.0000565,0.0001382933,8192,0.0011117966,818.491186931996,196.2007631057051,936,50821.27,7.077006,1941.1816,0.28951007,55410.746,7.662502,8192,,,,,818.491186931996,0.00019197242,196.2007631057051,0.00020350849,-0.0025357818,-0.0063074017
0.99991435,0.00013837792,0,0.0011128164,818.4920192119185,196.20048488266832,937,50814.523,7.076624,1941.5806,0.2896312,55402.867,7.66719,0,,,,,818.4920192119185,0.00019199567,196.20048488266832,0.00020351388,-0.002188032,-0.006222374
0.9998198,0.00013841486,0,0.0011138362,818.492246462878,196.20023725278975,938,50810.652,7.076467,1940.1348,0.28937045,55397.63,7.6692376,0,,,,,818.492246462878,0.00019196534,196.20023725278975,0.00020357118,-0.0022271543,-0.0066073574
1.0000615,0.00013827828,0,0.0011148558,818.4922370946344,196.20133675755673,939,50822.188,7.076954,1942.0282,0.2896563,55411.023,7.6616693,0,,,,,818.4922370946344,0.00019194964,196.20133675755673,0.00020352294,-0.001716583,-0.006101402
1.0000149,0.00013854638,0,0.0011158754,818.4920339649966,196.2008564435979,940,50821.453,7.076962,1941.604,0.28968537,55408.438,7.6765246,0,,,,,818.4920339649966,0.00019196451,196.2008564435979,0.0002035509,-0.002121229,-0.0064435243
0.9998361,0.0001386269,0,0.001116895,818.4913610763776,196.20054934482533,941,50813.883,7.0765333,1939.1276,0.28960636,55398.53,7.680986,0,,,,,818.4913610763776,0.00019201446,196.20054934482533,0.00020358304,-0.0023082446,-0.0064495727
1.0000284,0.0001383458,0,0.0011179146,818.4915314476787,196.2006081272839,942,50822.684,7.0770407,1939.9965,0.28970537,55409.188,7.6654105,0,,,,,818.4915314476787,0.00019197291,196.2006081272839,0.00020348845,-0.002306947,-0.0061021154
0.9999468,0.00013850593,0,0.0011189341,818.4915140437606,196.2002924252522,943,50819.258,7.0767307,1938.0267,0.2896869,55404.664,7.674283,0,,,,,818.4915140437606,0.00019196587,196.2002924252522,0.00020353218,-0.00231533,-0.00653583
1.0000653,0.00013834935,0,0.0011199536,818.4919820552743,196.20095598146338,944,50824.113,7.0770526,1939.9606,0.28913552,55411.23,7.6656075,0,,,,,818.4919820552743,0.00019193866,196.20095598146338,0.00020351366,-0.002284536,-0.00585795
1.0001978,0.00013855076,128,0.001120973,818.4916410553311,196.2000353116855,945,50830.96,7.077498,1939.792,0.28956607,55418.57,7.676767,128,,,,,818.4916410553311,0.0001918381,196.2000353116855,0.00020348786,-0.002594577,-0.00629825
0.9998959,0.00013853697,0,0.0011219924,818.4912348774444,196.20053247927677,946,50815.215,7.0765276,1939.3926,0.28948492,55401.844,7.6760025,0,,,,,818.4912348774444,0.00019195699,196.20053247927677,0.0002035599,-0.0023027167,-0.0068830918
1.000064,0.0001385009,128,0.0011230117,818.4908275005705,196.20095877585206,947,50822.426,7.0783114,1939.2295,0.2895371,55411.16,7.674004,128,,,,,818.4908275005705,0.00019203615,196.20095877585206,0.00020363578,-0.002629921,-0.006675951
1.0000465,0.00013862015,0,0.001124031,818.4910128750724,196.20015166676583,948,50822.74,7.0770826,1937.7773,0.28973305,55410.188,7.680611,0,,,,,818.4910128750724,0.00019196111,196.20015166676583,0.00020353802,-0.0027844338,-0.0068710223
0.9999122,0.0001384258,0,0.0011250502,818.4908756878345,196.1999768399701,949,50814.53,7.0764856,1939.0643,0.28949332,55402.75,7.669843,0,,,,,818.4908756878345,0.0001919778,196.1999768399701,0.0002035687,-0.0026806633,-0.006971198
0.9999239,0.00013846655,0,0.0011270886,818.4911815559242,196.20069652579684,951,50816.027,7.076562,1936.3812,0.2896642,55403.395,7.6721015,0,,,,,818.4911815559242,0.00019191224,196.20069652579684,0.00020353842,-0.002508123,-0.0066790334
0.99998564,0.00013841833,0,0.0011281078,818.4913404683241,196.20041997604298,952,50819.21,7.0766754,1938.439,0.28937206,55406.816,7.6694293,0,,,,,818.4913404683241,0.00019189954,196.20041997604298,0.00020352415,-0.002596784,-0.0062085614
0.9997479,0.00013848479,0,0.0011291268,818.4907539204769,196.20027565760273,953,50807.637,7.0761786,1934.8112,0.2896961,55393.645,7.6731114,0,,,,,818.4907539204769,0.00019196302,196.20027565760273,0.00020356878,-0.0027859039,-0.0070411866
0.99964476,0.00013861271,0,0.0011301459,818.4910179341703,196.20030330867996,954,50802.902,7.0758486,1936.056,0.28954962,55387.93,7.680199,0,,,,,818.4910179341703,0.00019193866,196.20030330867996,0.00020360222,-0.0028889712,-0.007080893
1.0000387,0.0001386253,0,0.0011311648,818.4909217953192,196.20052753397562,955,50823.324,7.076865,1938.4004,0.28931394,55409.758,7.6808968,0,,,,,818.4909217953192,0.00019191229,196.20052753397562,0.00020350247,-0.0027861274,-0.0065890076
1.0000627,0.00013846475,0,0.0011321837,818.4916944642144,196.20020558758276,956,50824.355,7.0769053,1936.2953,0.28974852,55411.086,7.6720014,0,,,,,818.4916944642144,0.00019192486,196.20020558758276,0.0002034979,-0.0024860217,-0.0068332776
1.0000598,0.00013839427,0,0.0011332026,818.4917376521182,196.2001250385183,957,50824.5,7.07677,1935.7305,0.28963944,55410.926,7.6680965,0,,,,,818.4917376521182,0.00019189618,196.2001250385183,0.00020349634,-0.0024517407,-0.006827819
1.0001428,0.00013827876,0,0.0011342214,818.4916053475265,196.1999055257088,958,50829.39,7.077968,1955.2026,0.2896367,55415.527,7.661696,0,,,,,818.4916053475265,0.00019195494,196.1999055257088,0.00020357537,-0.0022615308,-0.0072628236
1.0000384,0.00013812208,0,0.0011352403,818.4927550284012,196.20036433723422,959,50823.055,7.076705,1934.228,0.2898701,55409.74,7.653015,0,,,,,818.4927550284012,0.00019188154,196.20036433723422,0.00020347058,-0.0018959218,-0.006614759
1.0004518,0.00013814885,0,0.0011362591,818.4913463439558,196.20019054118666,960,50844.99,7.0777626,1934.0609,0.28977713,55432.645,7.6544986,0,,,,,818.4913463439558,0.00019180158,196.20019054118666,0.00020341226,-0.0025136888,-0.0071661063
1.0000325,0.00013805044,0,0.0011372777,818.4915406563744,196.19982158746322,961,50822.406,7.0766516,1935.5775,0.28956062,55409.414,7.649045,0,,,,,818.4915406563744,0.0001918792,196.19982158746322,0.0002035279,-0.0023306378,-0.0071069496
0.99991566,0.00013825619,0,0.0011382964,818.4910681361197,196.1999547980189,962,50817.35,7.0763493,1936.5793,0.28954718,55402.94,7.660445,0,,,,,818.4910681361197,0.00019191566,196.1999547980189,0.0002035184,-0.0023421627,-0.007209711
0.99977213,0.00013836613,0,0.001139315,818.4914517631992,196.20021416207595,963,50810.758,7.076096,1935.6827,0.28940547,55394.99,7.666537,0,,,,,818.4914517631992,0.00019189566,196.20021416207595,0.00020357588,-0.0023130204,-0.007510325
0.99999946,0.00013820852,0,0.0011403336,818.4919974299446,196.20003904494033,964,50821.062,7.076649,1934.7843,0.28965974,55407.582,7.6578045,0,,,,,818.4919974299446,0.00019185459,196.20003904494033,0.00020352734,-0.0022200414,-0.007387449
0.99989516,0.00013835622,0,0.0011413521,818.4913832926239,196.20005833177535,965,50818.082,7.076334,1933.7362,0.29003122,55401.805,7.665988,0,,,,,818.4913832926239,0.00019188764,196.20005833177535,0.00020355852,-0.0021807365,-0.0076902458
0.999991,0.00013836665,0,0.0011423706,818.4918417242543,196.20050275466932,966,50821.547,7.07664,1934.915,0.28970036,55407.113,7.6665664,0,,,,,818.4918417242543,0.00019186987,196.20050275466932,0.00020352064,-0.0023469827,-0.0070962342
0.99992704,0.00013818036,0,0.001143389,818.4922510977492,196.200068366785,967,50819.133,7.0765386,1936.409,0.28941587,55403.57,7.6562443,0,,,,,818.4922510977492,0.00019191469,196.200068366785,0.00020354721,-0.0021916653,-0.0073333723
0.99976426,0.00013811981,0,0.0011444074,818.4918365025349,196.20003171142926,968,50812.562,7.0762734,1934.2366,0.28973287,55394.55,7.6528893,0,,,,,818.4918365025349,0.00019188397,196.20003171142926,0.00020356978,-0.002142111,-0.0076997643
1.0000798,0.00013827046,0,0.0011454257,818.4919631267242,196.20025792281365,969,50827.195,7.0768375,1935.6606,0.28951517,55412.03,7.6612363,0,,,,,818.4919631267242,0.00019188154,196.20025792281365,0.00020352815,-0.0020598758,-0.006986151
0.99990577,0.00013813925,0,0.001146444,818.4924496122234,196.199847911034,970,50819.88,7.07652,1934.0115,0.28968,55402.39,7.6539664,0,,,,,818.4924496122234,0.00019187752,196.199847911034,0.00020357134,-0.0016203279,-0.007517294
1.0001214,0.00013825306,0,0.0011474623,818.4919851076827,196.19963088374828,971,50830.875,7.0770373,1935.1243,0.28938714,55414.336,7.660272,0,,,,,818.4919851076827,0.00019182282,196.19963088374828,0.0002035492,-0.0017473885,-0.0075681084
0.99993634,0.00013849861,0,0.0011494986,818.4921745487798,196.19968654154923,973,50821.055,7.076968,1944.7386,0.28959283,55404.086,7.6738772,0,,,,,818.4921745487798,0.00019186246,196.19968654154923,0.00020357616,-0.0019913232,-0.008037444
0.99990165,0.00013862383,0,0.0011505168,818.492651117502,196.20019863679175,974,50817.22,7.07638,1934.5613,0.28983346,55402.164,7.680815,0,,,,,818.492651117502,0.0001918606,196.20019863679175,0.00020352745,-0.0016803906,-0.0072269286
1.0002753,0.00013851144,0,0.0011515348,818.4920449878985,196.20017054407876,975,50836.363,7.0772543,1933.6292,0.28961495,55422.867,7.6745887,0,,,,,818.4920449878985,0.00019180191,196.20017054407876,0.00020349454,-0.0018316957,-0.006989395
0.9995628,0.00013840885,0,0.0011525528,818.4927323612969,196.20013189122076,976,50800.074,7.0756288,1933.9255,0.28951588,55383.39,7.6689043,0,,,,,818.4927323612969,0.0001919272,196.20013189122076,0.00020361377,-0.0016531006,-0.0072884425
1.0000141,0.00013820837,0,0.0011535708,818.4920334325354,196.2004624191489,977,50822.74,7.076604,1933.401,0.2895463,55408.39,7.657796,0,,,,,818.4920334325354,0.00019184296,196.2004624191489,0.00020351777,-0.0019811108,-0.0073225326
1.0000752,0.00013817172,0,0.0011545888,818.4924434317693,196.19986343654764,978,50826.742,7.0767984,1933.9585,0.28951824,55411.78,7.655765,0,,,,,818.4924434317693,0.00019181923,196.19986343654764,0.00020354634,-0.0018892381,-0.007973808
0.9998365,0.00013804734,0,0.0011556066,818.4919618675386,196.19981591065357,979,50814.023,7.076238,1933.7876,0.28934208,55398.555,7.6488733,0,,,,,818.4919618675386,0.00019185324,196.19981591065357,0.00020355929,-0.001754379,-0.007941441
0.9998983,0.0001379622,0,0.0011566244,818.4927018626634,196.1996983184138,980,50819.027,7.0765333,1931.8479,0.28967196,55401.98,7.6441565,0,,,,,818.4927018626634,0.00019184269,196.1996983184138,0.00020356575,-0.0014690415,-0.008319779
0.9999051,0.0001376293,0,0.0011576422,818.4925234149057,196.1997583417268,981,50818.324,7.0763187,1932.7654,0.28952748,55402.355,7.625711,0,,,,,818.4925234149057,0.00019185191,196.1997583417268,0.00020355778,-0.0016362265,-0.008119966
1.0002046,0.00013791345,0,0.0011586599,818.492582137598,196.199250153153,982,50833.414,7.077036,1933.0693,0.28946897,55418.95,7.6414547,0,,,,,818.492582137598,0.00019178283,196.199250153153,0.00020347175,-0.0016800598,-0.008361574
1.0001981,0.00013769402,0,0.0011596776,818.4928531136877,196.1990205688154,983,50832.95,7.076953,1934.1901,0.28949657,55418.59,7.629297,0,,,,,818.4928531136877,0.0001918053,196.1990205688154,0.00020350417,-0.0015368111,-0.00811807
1.0001537,0.00013777551,0,0.0011606952,818.492422855566,196.19951699602075,984,50830.508,7.076943,1930.8673,0.28986555,55416.13,7.6338124,0,,,,,818.492422855566,0.0001918062,196.19951699602075,0.0002034886,-0.0016349641,-0.008046649
1.000139,0.00013773028,0,0.0011617128,818.4920625953089,196.19939587304114,985,50831.176,7.076885,1933.7687,0.28939962,55415.316,7.6313066,0,,,,,818.4920625953089,0.00019179155,196.19939587304114,0.00020353963,-0.0019272119,-0.008514992
1.0000172,0.00013795719,0,0.0011627304,818.492226506987,196.19907083332268,986,50824.36,7.0766125,1931.5629,0.2897894,55408.566,7.6438785,0,,,,,818.492226506987,0.00019181913,196.19907083332268,0.0002035402,-0.0019063405,-0.008536792
1.0001521,0.000138017,0,0.0011637479,818.4925783086862,196.19928984220874,987,50831.598,7.0768685,1932.0455,0.2896268,55416.043,7.6471925,0,,,,,818.4925783086862,0.0001918027,196.19928984220874,0.00020351273,-0.0018452742,-0.008471915
0.99998194,0.00013826128,0,0.0011647653,818.4920854341401,196.19896323399587,988,50823.145,7.076528,1931.8448,0.28962815,55406.613,7.6607275,0,,,,,818.4920854341401,0.0001918229,196.19896323399587,0.00020353832,-0.0018847374,-0.00871009
1.0002021,0.00013845091,0,0.0011657827,818.4921768902384,196.19967341370005,989,50832.375,7.0769653,1932.1879,0.28953937,55418.81,7.671234,0,,,,,818.4921768902384,0.00019179769,196.19967341370005,0.0002034929,-0.0020304816,-0.007928914
1.0002191,0.00013829506,0,0.0011668,818.4923083131258,196.19933489559122,990,50835.156,7.0770516,1933.5977,0.28949544,55419.754,7.662599,0,,,,,818.4923083131258,0.00019176542,196.19933489559122,0.00020350273,-0.0020177627,-0.008902595
0.99988544,0.00013847178,0,0.0011678173,818.4929913915046,196.19933683166605,991,50817.75,7.0763073,1932.7676,0.28945604,55401.266,7.672391,0,,,,,818.4929913915046,0.00019183265,196.19933683166605,0.00020354883,-0.0012765356,-0.008911882
0.9999793,0.00013835785,0,0.0011688345,818.4927222669546,196.19927480136118,992,50822.434,7.076548,1931.8055,0.28955925,55406.47,7.666078,0,,,,,818.4927222669546,0.00019183483,196.19927480136118,0.00020355039,-0.001538881,-0.008563754
0.99976504,0.00013827837,0,0.0011698517,818.4927756766187,196.19916478628795,993,50811.75,7.0760703,1933.0648,0.28943807,55394.594,7.661674,0,,,,,818.4927756766187,0.00019184673,196.19916478628795,0.00020365525,-0.0014331213,-0.008946124
0.9999393,0.00013835741,0,0.0011708689,818.4925378396125,196.19911388955722,994,50820.61,7.076485,1932.14,0.2896401,55404.25,7.666054,0,,,,,818.4925378396125,0.0001918342,196.19911388955722,0.00020355206,-0.0014702427,-0.008541079
0.99997985,0.0001383973,8192,0.001171886,818.4925475902613,196.19905226568488,995,50822.94,7.076611,1932.1394,0.28961095,55406.496,7.6682644,8192,,,,,818.4925475902613,0.00019182693,196.19905226568488,0.0002035728,-0.0016212893,-0.008826574
1.0000534,0.00013858615,0,0.001172903,818.4924599556052,196.19924735688906,996,50826.242,7.077846,1931.9573,0.2895372,55410.574,7.678728,0,,,,,818.4924599556052,0.00019181076,196.19924735688906,0.00020353237,-0.0015959063,-0.008769948
0.9999257,0.00013855429,0,0.00117392,818.4928623473139,196.19941565159797,997,50819.19,7.076391,1930.7041,0.28948107,55403.496,7.676962,0,,,,,818.4928623473139,0.00019184813,196.19941565159797,0.00020355899,-0.001519107,-0.008617011
1.0000589,0.0001386757,0,0.001174937,818.4925967061054,196.19863197570987,998,50827.832,7.0768414,1932.5222,0.2895509,55410.88,7.68369,0,,,,,818.4925967061054,0.00019183282,196.19863197570987,0.00020356533,-0.0016063848,-0.009065457
1.0000434,0.00013865452,0,0.0011759539,818.4928229457014,196.19925009390283,999,50825.76,7.076618,1932.8417,0.28961062,55410.016,7.682516,0,,,,,818.4928229457014,0.0001917883,196.19925009390283,0.00020350293,-0.0016390678,-0.008790107
0.9999181,0.00013858867,0,0.0011769708,818.4925904228464,196.19923465717085,1000,50819.152,7.0762935,1932.4799,0.28944868,55403.074,7.6788673,0,,,,,818.4925904228464,0.00019183508,196.19923465717085,0.00020358265,-0.0013486777,-0.008953498
1.0000371,0.0001387197,0,0.0011779875,818.4930432244039,196.19897642987667,1001,50824.945,7.078791,1932.9203,0.28963172,55409.668,7.6861277,0,,,,,818.4930432244039,0.0001918447,196.19897642987667,0.00020356728,-0.0009859479,-0.009101989
1.0000567,0.00013861382,0,0.0011790043,818.4935313664778,196.19872895816155,1002,50825.934,7.078949,1933.2562,0.2893886,55410.758,7.680261,0,,,,,818.4935313664778,0.0001918672,196.19872895816155,0.00020360333,-0.00061876787,-0.009415146
1.0001129,0.00013869129,0,0.001180021,818.4932196082278,196.19884543163778,1003,50829.7,7.07893,1930.0728,0.2895966,55413.867,7.6845536,0,,,,,818.4932196082278,0.00019180299,196.19884543163778,0.00020354269,-0.0009437619,-0.009520243
0.9999806,0.00013862533,0,0.0011810376,818.4942794279852,196.19822219789467,1004,50822.465,7.078731,1931.6189,0.2895783,55406.54,7.6808987,0,,,,,818.4942794279852,0.00019182902,196.19822219789467,0.00020360277,-0.00014526762,-0.009728633
1.000057,0.00013865798,0,0.0011820542,818.4943278239522,196.19788495172207,1005,50827.625,7.078923,1932.123,0.28960428,55410.773,7.6827083,0,,,,,818.4943278239522,0.00019180893,196.19788495172207,0.00020358281,-0.0003064925,-0.010137927
1.0001578,0.00013857159,0,0.0011830708,818.4946031824857,196.19799189207464,1006,50831.125,7.079148,1930.7424,0.28972846,55416.36,7.677921,0,,,,,818.4946031824857,0.00019182391,196.19799189207464,0.00020356516,-0.00019512344,-0.009774319
1.0001131,0.0001385192,0,0.0011840872,818.4937681861732,196.19819361202173,1007,50830.594,7.0790544,1930.3497,0.28951788,55413.88,7.6750183,0,,,,,818.4937681861732,0.0001918053,196.19819361202173,0.00020356596,-0.0006742487,-0.009715727
0.9999532,0.00013850925,0,0.0011851037,818.4936215950138,196.19823352837213,1008,50822.293,7.0787215,1930.2075,0.2895938,55405.02,7.6744666,0,,,,,818.4936215950138,0.0001918343,196.19823352837213,0.00020361903,-0.0007648699,-0.0097913835
1.0000013,0.0001383826,0,0.0011861201,818.4934965431978,196.19878998351095,1009,50824.047,7.0789537,1929.5724,0.28975928,55407.688,7.6674495,0,,,,,818.4934965431978,0.00019184426,196.19878998351095,0.00020357459,-0.0006821137,-0.009635243
0.99986047,0.0001382398,0,0.0011871364,818.4931344628143,196.19778841571573,1010,50818.23,7.078508,1931.6571,0.28919086,55399.883,7.659538,0,,,,,818.4931344628143,0.0001918186,196.19778841571573,0.00020361433,-0.0008668864,-0.010516601
1.0000769,0.00013831448,0,0.0011881527,818.4933478324224,196.19803861141799,1011,50828.508,7.0790033,1930.823,0.2894454,55411.87,7.663676,0,,,,,818.4933478324224,0.00019182413,196.19803861141799,0.00020357856,-0.00069317175,-0.00992394
1.0001184,0.00013832087,0,0.001189169,818.494150089241,196.19795565501516,1012,50829.97,7.078949,1929.1934,0.2896117,55414.17,7.664029,0,,,,,818.494150089241,0.00019177777,196.19795565501516,0.00020350715,-0.00080219045,-0.009824852
1.0001671,0.0001384331,0,0.0011901852,818.493114573113,196.1982142919489,1013,50830.49,7.078976,1929.1923,0.28947362,55416.875,7.6702476,0,,,,,818.493114573113,0.00019177292,196.1982142919489,0.00020353634,-0.0012431327,-0.010001757
1.0002729,0.00013837125,128,0.0011912013,818.4930095462704,196.19862797913933,1014,50835.184,7.0785,1929.0808,0.28947565,55422.734,7.666821,128,,,,,818.4930095462704,0.00019175332,196.19862797913933,0.00020354774,-0.0012579103,-0.009849766
0.9998425,0.00013839955,8320,0.0011922175,818.4920555613422,196.19829522009877,1015,50814.312,7.076618,1929.5477,0.28945005,55398.887,7.668389,8320,,,,,818.4920555613422,0.00019186112,196.19829522009877,0.00020364205,-0.0019719603,-0.009941952
1.0000045,0.00013838045,0,0.0011932334,818.4920031459875,196.1986599827171,1016,50821.633,7.0764394,1932.2328,0.28941208,55407.863,7.6673307,0,,,,,818.4920031459875,0.00019182172,196.1986599827171,0.00020360637,-0.0017658771,-0.009770634
0.9998551,0.00013832269,0,0.0011942494,818.491356308094,196.19823733716726,1017,50814.848,7.0761952,1928.8022,0.28961083,55399.586,7.66413,0,,,,,818.491356308094,0.00019180558,196.19823733716726,0.00020361428,-0.0024738156,-0.009696532
0.9997706,0.0001382038,0,0.0011952653,818.4908771956823,196.19868036204332,1018,50810.73,7.075882,1929.9469,0.2895496,55394.902,7.657543,0,,,,,818.4908771956823,0.00019186651,196.19868036204332,0.00020359243,-0.0027378064,-0.009449398
1.0005862,0.00013829567,128,0.0011962813,818.4911178627164,196.20068012217422,1019,50851.89,7.0828977,1928.5006,0.28962666,55440.094,7.662633,128,,,,,818.4911178627164,0.00019182214,196.20068012217422,0.00020402392,-0.0023244673,-0.009448172
0.9999649,0.00013798845,0,0.0011972971,818.4911448027374,196.19838647711072,1020,50822.18,7.0762377,1929.0175,0.2894762,55405.668,7.645611,0,,,,,818.4911448027374,0.00019180898,196.19838647711072,0.00020358746,-0.002726241,-0.009704638
1.0002006,0.0001379913,0,0.0011983128,818.4908967828121,196.19807505439866,1021,50833.785,7.0769587,1930.369,0.2896279,55418.73,7.6457686,0,,,,,818.4908967828121,0.00019179171,196.19807505439866,0.00020352911,-0.0028076982,-0.009814984
1.0001305,0.00013795987,0,0.0011993286,818.4912029925597,196.19740498394324,1022,50830.12,7.0768085,1929.8191,0.28941637,55414.848,7.644027,0,,,,,818.4912029925597,0.00019178835,196.19740498394324,0.00020357627,-0.0029075237,-0.010333598
1.0000558,0.00013795817,0,0.0012003443,818.4910252192619,196.19811978032118,1023,50827.082,7.0766244,1928.8439,0.289496,55410.707,7.643933,0,,,,,818.4910252192619,0.00019179352,196.19811978032118,0.00020355216,-0.002902933,-0.0100273
0.9999305,0.00013776375,0,0.0012013599,818.4906585208107,196.19761486348165,1024,50821.2,7.0763288,1928.7046,0.28957832,55403.76,7.6331606,0,,,,,818.4906585208107,0.00019183347,196.19761486348165,0.0002035846,-0.0029550188,-0.010324112
0.9997964,0.000137673,0,0.0012023754,818.490153138376,196.197928752633,1025,50815.332,7.076046,1929.0057,0.28934276,55396.332,7.628133,0,,,,,818.490153138376,0.00019182768,196.197928752633,0.0002036088,-0.003557188,-0.010437977
0.99999183,0.00013778431,0,0.001203391,818.4904850884509,196.19866358288286,1026,50823.223,7.0764,1930.1414,0.28933907,55407.16,7.6342998,0,,,,,818.4904850884509,0.00019182317,196.19866358288286,0.000203575,-0.0036004635,-0.009570718
1.0000348,0.00013773498,128,0.0012044064,818.4918217410961,196.19782210105654,1027,50826.098,7.077521,1929.8014,0.2893809,55409.543,7.6315665,128,,,,,818.4918217410961,0.0001920482,196.19782210105654,0.00020353441,-0.0034379524,-0.01022738
1.0001749,0.00013759731,0,0.0012054219,818.4910132359441,196.19763978076853,1028,50834.17,7.0770307,1928.0032,0.28983098,55417.305,7.6239386,0,,,,,818.4910132359441,0.00019176287,196.19763978076853,0.00020353362,-0.0032964938,-0.010676739
0.9998807,0.00013760178,0,0.0012064371,818.4907248313364,196.19848031078106,1029,50817.906,7.0760555,1929.3162,0.28975007,55401.0,7.624186,0,,,,,818.4907248313364,0.00019181035,196.19848031078106,0.00020359839,-0.003323927,-0.009836698
1.0000434,0.00013735246,0,0.0012074525,818.4898582921041,196.19756792922573,1030,50827.86,7.0767264,1929.1654,0.28946775,55410.016,7.6103716,0,,,,,818.4898582921041,0.0001918015,196.19756792922573,0.00020360152,-0.0037520386,-0.010688166
0.99997926,0.00013719617,0,0.0012084678,818.4906416491641,196.19752610851003,1031,50824.137,7.0765195,1929.6393,0.28936654,55406.465,7.6017127,0,,,,,818.4906416491641,0.0001918229,196.19752610851003,0.00020359048,-0.0032951653,-0.010469172
0.9999359,0.00013705698,0,0.0012094829,818.4900915899822,196.1978643607943,1032,50820.89,7.0761504,1930.3293,0.28925183,55404.062,7.5940003,0,,,,,818.4900915899822,0.00019178994,196.1978643607943,0.00020357339,-0.0035339496,-0.010245988
0.99996805,0.00013701542,8192,0.001210498,818.4898588163809,196.19791778401344,1033,50821.336,7.0762076,1928.1438,0.2896802,55405.844,7.591697,8192,,,,,818.4898588163809,0.00019182399,196.19791778401344,0.00020356511,-0.0035831847,-0.010295128
0.9998866,0.00013705574,0,0.0012115132,818.4907732096964,196.19760500580742,1034,50816.465,7.076074,1928.2228,0.28967574,55401.33,7.5939317,0,,,,,818.4907732096964,0.00019183395,196.19760500580742,0.00020361242,-0.0032449164,-0.010390241
1.0002899,0.00013673965,128,0.0012125282,818.4901840319144,196.1977684972208,1035,50837.2,7.0772967,1928.2788,0.28957734,55423.676,7.5764174,128,,,,,818.4901840319144,0.00019175651,196.1977684972208,0.0002035595,-0.0034706627,-0.010719073
1.0001278,0.00013650849,0,0.0012135431,818.4898379370713,196.1982135236583,1036,50828.59,7.076499,1927.2213,0.28960636,55414.69,7.5636096,0,,,,,818.4898379370713,0.00019173764,196.1982135236583,0.00020353182,-0.0040096687,-0.010052662
0.9999325,0.0001363795,0,0.001214558,818.4896405454559,196.19786487345044,1037,50818.21,7.07604,1927.2157,0.28943807,55403.875,7.556463,0,,,,,818.4896405454559,0.00019179485,196.19786487345044,0.00020356519,-0.004145386,-0.010157356
0.9998552,0.00013635747,0,0.0012155729,818.489406406273,196.19844972394384,1038,50814.523,7.075968,1927.6174,0.28964594,55399.59,7.5552416,0,,,,,818.489406406273,0.00019178807,196.19844972394384,0.00020358537,-0.004136526,-0.010008108
0.9999978,0.00013612685,0,0.0012165877,818.4892622807013,196.19822917655173,1039,50822.12,7.076305,1927.3767,0.2894998,55407.492,7.5424643,0,,,,,818.4892622807013,0.00019179918,196.19822917655173,0.00020357303,-0.0041536777,-0.009813988
0.9996611,0.00013593608,0,0.0012176025,818.4888729780614,196.19765687908534,1040,50805.97,7.07566,1929.0566,0.2894436,55388.836,7.5318937,0,,,,,818.4888729780614,0.00019187262,196.19765687908534,0.0002036798,-0.004440603,-0.010417848
1.0000098,0.00013585639,0,0.0012186172,818.4893997822779,196.1986287919347,1041,50823.105,7.076292,1930.1775,0.28927436,55408.152,7.527478,0,,,,,818.4893997822779,0.00019179321,196.1986287919347,0.00020355305,-0.0040207286,-0.009762073
0.99996996,0.00013574012,0,0.0012196319,818.4890661452572,196.19795620487704,1042,50821.906,7.0762553,1928.8435,0.28957906,55405.95,7.521036,0,,,,,818.4890661452572,0.00019182246,196.19795620487704,0.00020360731,-0.0044418355,-0.010496012
0.9999515,0.00013596348,0,0.0012206465,818.4887575950142,196.1978719773693,1043,50818.5,7.076153,1928.2781,0.28950465,55404.926,7.533412,0,,,,,818.4887575950142,0.00019178903,196.1978719773693,0.00020359988,-0.0044798725,-0.0108263055
