flux,flux_err,quality,timecorr,centroid_col,centroid_row,cadenceno,sap_flux,sap_flux_err,sap_bkg,sap_bkg_err,pdcsap_flux,pdcsap_flux_err,sap_quality,psf_centr1,psf_centr1_err,psf_centr2,psf_centr2_err,mom_centr1,mom_centr1_err,mom_centr2,mom_centr2_err,pos_corr1,pos_corr2
0.9993955,0.00036053665,0,0.0014108061,337.1630466137741,878.4856708049971,1105,8451.367,3.1249366,516.215,0.17356703,11945.278,4.3093157,0,,,,,337.1630466137741,0.00042836275,878.4856708049971,0.00041984097,0.005586902,-0.04563358
1.000093,0.00036082556,0,0.0014117815,337.163290451925,878.486506131624,1106,8460.143,3.125904,517.5576,0.17357948,11953.615,4.312769,0,,,,,337.163290451925,0.0004284368,878.486506131624,0.00041988294,0.0055902223,-0.045360684
1.0006999,0.0003609007,0,0.0014127569,337.1630629228658,878.485277986241,1107,8466.589,3.1265962,517.7159,0.17368135,11960.869,4.3136673,0,,,,,337.1630629228658,0.0004281494,878.485277986241,0.00041970212,0.0054682866,-0.045130428
0.99975324,0.00036089082,0,0.0014137321,337.1635233681595,878.4865800924082,1108,8457.558,3.1256557,517.57166,0.17354468,11949.555,4.313549,0,,,,,337.1635233681595,0.00042835152,878.4865800924082,0.00041976196,0.005232608,-0.045230746
1.0001684,0.00036088313,0,0.0014147073,337.1624099562722,878.4864083695604,1109,8459.984,3.1258903,517.3972,0.17365335,11954.518,4.313457,0,,,,,337.1624099562722,0.0004282217,878.4864083695604,0.00041967237,0.0053674853,-0.04545021
1.0006608,0.00036099492,0,0.0014156824,337.16285799899873,878.4861035020543,1110,8463.898,3.126388,518.05115,0.1735093,11960.401,4.314793,0,,,,,337.16285799899873,0.0004284063,878.4861035020543,0.0004198731,0.0054145516,-0.04547114
1.0001185,0.000361031,8192,0.0014166574,337.1617830729535,878.4854884919603,1111,8459.271,3.1258605,517.7431,0.17353386,11953.92,4.3152246,8192,,,,,337.1617830729535,0.00042841007,878.4854884919603,0.00041965576,0.0054395054,-0.04547761
1.0004516,0.0003609829,0,0.0014176323,337.16245301502886,878.486483225184,1112,8462.462,3.1261995,517.9435,0.17339562,11957.901,4.3146496,0,,,,,337.16245301502886,0.0004286961,878.486483225184,0.0004201,0.005640529,-0.045456868
1.0001521,0.00036116358,0,0.0014186072,337.16273467197954,878.4853765008667,1113,8460.044,3.1258905,517.32,0.1736592,11954.322,4.316809,0,,,,,337.16273467197954,0.00042857713,878.4853765008667,0.0004200308,0.0054375306,-0.045366794
0.99978405,0.00036109498,0,0.001419582,337.16232889713467,878.4858745495566,1114,8456.324,3.1254761,517.21954,0.17342299,11949.923,4.315989,0,,,,,337.16232889713467,0.00042865038,878.4858745495566,0.00042004342,0.0056397677,-0.045578577
1.0002894,0.00036110074,0,0.0014205568,337.16290254127506,878.4868689442455,1115,8460.821,3.125996,517.24567,0.17352465,11955.963,4.316058,0,,,,,337.16290254127506,0.00042843554,878.4868689442455,0.00041987025,0.0053747175,-0.045467224
0.9997497,0.00036097973,0,0.0014215314,337.1624218200013,878.4866435476728,1116,8457.113,3.1256473,518.0221,0.17369144,11949.513,4.3146114,0,,,,,337.1624218200013,0.00042872847,878.4866435476728,0.00042018094,0.005368684,-0.045086563
0.9990145,0.00036107076,0,0.001422506,337.1616439016648,878.4863391956105,1117,8450.231,3.1249187,517.10364,0.17363589,11940.725,4.3156996,0,,,,,337.1616439016648,0.00042886214,878.4863391956105,0.0004202355,0.005042858,-0.045260634
1.00007,0.0003611032,0,0.0014234805,337.16258109829573,878.4872227773031,1118,8460.144,3.1259012,517.4972,0.17363945,11953.341,4.3160872,0,,,,,337.16258109829573,0.0004282428,878.4872227773031,0.00041973504,0.0051680645,-0.045073695
0.9997545,0.00036105458,0,0.0014244549,337.1622786067923,878.486517138037,1119,8458.47,3.1257575,516.9762,0.17355783,11949.569,4.3155065,0,,,,,337.1622786067923,0.00042851598,878.486517138037,0.00041996012,0.0051120967,-0.044645373
0.9997913,0.00036096576,0,0.0014254292,337.16271546730457,878.4864993050917,1120,8458.518,3.1258736,517.4428,0.17372742,11950.01,4.3144445,0,,,,,337.16271546730457,0.00042857954,878.4864993050917,0.00041990707,0.0049382816,-0.04484858
0.9995151,0.00036089896,0,0.0014264034,337.16337265795704,878.4867406205535,1121,8454.839,3.1254046,516.9453,0.17372961,11946.708,4.3136463,0,,,,,337.16337265795704,0.0004285008,878.4867406205535,0.0004199204,0.0047493656,-0.045178007
1.0002733,0.0003608061,0,0.0014273777,337.1622275343825,878.4861955406059,1122,8462.442,3.1262062,517.2137,0.17385429,11955.771,4.3125362,0,,,,,337.1622275343825,0.00042838932,878.4861955406059,0.00041981402,0.0046678963,-0.044911217
1.0003474,0.00036120237,0,0.0014283517,337.1616465542818,878.4866887625419,1123,8462.135,3.1260276,516.7041,0.17367694,11956.656,4.3172727,0,,,,,337.1616465542818,0.00042854383,878.4866887625419,0.00041993157,0.0047420952,-0.04516345
0.99958897,0.00036087324,0,0.0014293258,337.1624887513282,878.4862673411386,1124,8455.59,3.1254303,516.97626,0.17356625,11947.591,4.3133388,0,,,,,337.1624887513282,0.0004287676,878.4862673411386,0.0004201884,0.004651402,-0.04508277
0.99959916,0.00036108037,0,0.0014302997,337.16232963366787,878.4864132995472,1125,8455.9,3.1255448,517.4201,0.17357434,11947.713,4.3158145,0,,,,,337.16232963366787,0.00042897405,878.4864132995472,0.0004204352,0.005068155,-0.045132615
0.999727,0.00036103517,0,0.0014312735,337.1613463753039,878.4860133313427,1126,8457.24,3.1257365,517.1155,0.1734679,11949.241,4.3152742,0,,,,,337.1613463753039,0.00042857265,878.4860133313427,0.0004199861,0.0047533484,-0.045023035
1.0005708,0.0003609594,0,0.0014322473,337.16232615130775,878.4865369149354,1127,8464.389,3.1262925,516.8607,0.1736126,11959.326,4.3143687,0,,,,,337.16232615130775,0.00042847637,878.4865369149354,0.00041991993,0.0051101944,-0.04504775
0.9996049,0.00036106573,0,0.0014332212,337.16291339270674,878.4863203680874,1128,8456.138,3.1254756,516.9205,0.17366455,11947.781,4.3156395,0,,,,,337.16291339270674,0.00042842297,878.4863203680874,0.00041984548,0.0051643504,-0.04500914
0.9996243,0.00036102606,0,0.0014341947,337.1623349166505,878.4864956239653,1129,8456.871,3.1254373,517.1365,0.17366791,11948.014,4.3151655,0,,,,,337.1623349166505,0.00042866124,878.4864956239653,0.0004200579,0.0048142425,-0.04485957
1.0007794,0.0003612606,0,0.0014351683,337.1632750876927,878.4875126162729,1130,8467.253,3.1265852,517.2437,0.17347065,11961.819,4.317969,0,,,,,337.1632750876927,0.00042817692,878.4875126162729,0.000419602,0.0051716245,-0.044890907
0.99994886,0.00036087024,0,0.0014361418,337.1625873613052,878.4858645588777,1131,8458.699,3.1257644,516.9028,0.17348316,11951.893,4.313303,0,,,,,337.1625873613052,0.00042835652,878.4858645588777,0.00041979292,0.00491558,-0.04515856
0.99978256,0.00036087935,0,0.0014371151,337.16156670657205,878.4862072706297,1132,8457.395,3.125592,516.8199,0.17368458,11949.905,4.3134117,0,,,,,337.16156670657205,0.00042842483,878.4862072706297,0.0004198158,0.0051848325,-0.04527609
0.99994934,0.00036118066,0,0.0014380885,337.16182017930413,878.4865392810026,1133,8458.578,3.1257257,517.4045,0.17351589,11951.898,4.3170133,0,,,,,337.16182017930413,0.00042826083,878.4865392810026,0.00041974636,0.005174558,-0.045269374
0.99971044,0.00036113578,0,0.0014390617,337.16286068580945,878.4857582650435,1134,8457.009,3.1255584,516.9147,0.17337118,11949.043,4.316477,0,,,,,337.16286068580945,0.00042845737,878.4857582650435,0.0004199302,0.004892038,-0.044930745
1.0002502,0.000361023,0,0.001440035,337.1626749307953,878.485960068858,1135,8460.824,3.1260552,517.20636,0.17361914,11955.495,4.315129,0,,,,,337.1626749307953,0.00042861694,878.485960068858,0.00042006734,0.00501585,-0.045362867
0.9996747,0.00036090717,0,0.001441008,337.16259544374265,878.4865488407747,1136,8457.035,3.1255827,517.1691,0.17365454,11948.615,4.3137445,0,,,,,337.16259544374265,0.00042836266,878.4865488407747,0.00041979578,0.0050361725,-0.045080576
0.9996337,0.00036109326,0,0.001441981,337.16174051232946,878.4863634254498,1137,8457.059,3.1256707,516.68054,0.17376924,11948.126,4.3159685,0,,,,,337.16174051232946,0.00042874104,878.4863634254498,0.00042016036,0.0047403635,-0.04506867
0.9998674,0.000361051,0,0.001442954,337.1621807456148,878.4863879127041,1138,8460.029,3.1258972,516.78033,0.17343788,11950.919,4.3154635,0,,,,,337.1621807456148,0.0004286348,878.4863879127041,0.00042006018,0.0046723303,-0.044443708
1.0003245,0.00036106282,0,0.0014439267,337.1621222408651,878.4863581507495,1139,8462.962,3.1261923,516.88214,0.17359205,11956.382,4.3156047,0,,,,,337.1621222408651,0.00042870446,878.4863581507495,0.0004197966,0.0046082395,-0.04496328
0.999945,0.00036112193,0,0.0014448995,337.1620850386052,878.4863423823379,1140,8460.024,3.1257784,516.3754,0.17361595,11951.847,4.3163114,0,,,,,337.1620850386052,0.0004288774,878.4863423823379,0.00042030474,0.0047410843,-0.044954423
0.9999449,0.0003610056,0,0.0014458722,337.1622829997632,878.4869182616845,1141,8460.7,3.1259594,516.398,0.1734768,11951.846,4.314921,0,,,,,337.1622829997632,0.00042838484,878.4869182616845,0.0004198482,0.00467502,-0.044632133
0.9994581,0.00036095144,0,0.0014468448,337.1618930431866,878.4863499916245,1142,8455.088,3.1253483,516.80023,0.17353305,11946.026,4.3142734,0,,,,,337.1618930431866,0.00042867768,878.4863499916245,0.00042005884,0.00491,-0.0453407
1.0000737,0.0003610435,0,0.0014478173,337.1629047746163,878.4866011804027,1143,8461.792,3.1260796,516.71436,0.17352295,11953.384,4.315374,0,,,,,337.1629047746163,0.0004282538,878.4866011804027,0.00041973483,0.004903478,-0.044759043
1.0002989,0.00036118575,0,0.0014487898,337.16281773277325,878.4864472820751,1144,8462.05,3.1260493,517.0797,0.1737383,11956.076,4.3170743,0,,,,,337.16281773277325,0.00042842,878.4864472820751,0.00041986853,0.0050222203,-0.045185264
1.0006328,0.00036128642,0,0.0014497621,337.1632731034909,878.4863045566336,1145,8467.16,3.1265073,516.6361,0.17358719,11960.066,4.3182774,0,,,,,337.1632731034909,0.00042826837,878.4863045566336,0.00041978701,0.0056308336,-0.044663392
1.0000947,0.00036127146,0,0.0014507344,337.1624313818914,878.4869796304785,1146,8461.543,3.126127,516.6273,0.17363264,11953.636,4.3180985,0,,,,,337.1624313818914,0.0004286855,878.4869796304785,0.00042017718,0.0057167923,-0.044972926
0.99959636,0.0003612066,0,0.0014517066,337.1624449648211,878.4861248849153,1147,8456.028,3.125481,516.5293,0.1736974,11947.68,4.317323,0,,,,,337.1624449648211,0.0004288541,878.4861248849153,0.00042029988,0.005177903,-0.045219496
0.99986887,0.0003610625,0,0.0014526788,337.161894097058,878.4868657827141,1148,8459.976,3.125872,517.2095,0.1736654,11950.937,4.315601,0,,,,,337.161894097058,0.00042852643,878.4868657827141,0.00041991242,0.0050658067,-0.044938188
1.000218,0.00036126902,0,0.0014536509,337.1615241626878,878.4867642005838,1149,8462.834,3.126185,517.5187,0.17378798,11955.11,4.3180695,0,,,,,337.1615241626878,0.0004285334,878.4867642005838,0.00041996123,0.0048076743,-0.044993598
1.0001875,0.00036090487,0,0.0014546228,337.1624844612218,878.4859975495607,1150,8461.675,3.1259592,516.43494,0.17359014,11954.745,4.313717,0,,,,,337.1624844612218,0.00042859453,878.4859975495607,0.00042007878,0.00477497,-0.045002956
1.0002648,0.00036114603,0,0.0014555947,337.1627722694905,878.4857879929414,1151,8461.733,3.1259096,516.39,0.17358077,11955.668,4.3165994,0,,,,,337.1627722694905,0.0004281393,878.4857879929414,0.00041965183,0.004937461,-0.0451212
1.0008104,0.00036123156,0,0.0014565665,337.1632476711258,878.4873814315346,1152,8467.19,3.1264572,517.0573,0.1735503,11962.189,4.3176217,0,,,,,337.1632476711258,0.00042795393,878.4873814315346,0.0004194682,0.0048475503,-0.04479836
1.0003409,0.00036128922,0,0.0014575382,337.1624379872593,878.4861343848805,1153,8463.51,3.126232,517.0787,0.17353585,11956.579,4.3183107,0,,,,,337.1624379872593,0.00042856822,878.4861343848805,0.00042005238,0.0047102333,-0.044889864
1.0002656,0.00036113043,0,0.0014585098,337.1622508204352,878.4864307201046,1154,8461.255,3.1259181,516.3437,0.17358814,11955.679,4.316413,0,,,,,337.1622508204352,0.0004285242,878.4864307201046,0.0004200313,0.00461781,-0.04499908
1.0004172,0.00036136078,0,0.0014594814,337.1615856287855,878.4878505489162,1155,8465.092,3.1263454,516.9416,0.17346223,11957.49,4.319166,0,,,,,337.1615856287855,0.00042852171,878.4878505489162,0.00041994042,0.0048071495,-0.0443733
1.0001762,0.00036112824,0,0.0014604529,337.1625564483834,878.4868300807242,1156,8462.095,3.1260424,517.13043,0.17359184,11954.61,4.3163867,0,,,,,337.1625564483834,0.00042831292,878.4868300807242,0.00041973128,0.0047871373,-0.044879112
0.9996435,0.00036119338,0,0.0014614243,337.1619421251363,878.4858111584243,1157,8458.799,3.125769,516.4338,0.17357874,11948.243,4.3171654,0,,,,,337.1619421251363,0.00042882745,878.4858111584243,0.00042025791,0.004898379,-0.04454413
1.0001932,0.00036122132,0,0.0014623957,337.1621687953036,878.4871388848302,1158,8463.917,3.1261673,516.47687,0.17358655,11954.813,4.317499,0,,,,,337.1621687953036,0.0004282425,878.4871388848302,0.00041973215,0.004767353,-0.044358812
1.0000072,0.00036106614,0,0.0014633669,337.16282341857146,878.4863522130345,1159,8460.949,3.125911,515.7295,0.17355436,11952.589,4.3156443,0,,,,,337.16282341857146,0.00042821138,878.4863522130345,0.00041968934,0.005186371,-0.04476804
0.9999854,0.00036123922,0,0.001464338,337.16363672364014,878.486752266601,1160,8461.415,3.1259146,516.03766,0.17359361,11952.329,4.3177133,0,,,,,337.16363672364014,0.00042810148,878.486752266601,0.00041963492,0.005574005,-0.04485718
0.999985,0.0003612422,0,0.0014653091,337.16246707936676,878.4864627561756,1161,8460.306,3.1258266,516.0088,0.17349671,11952.324,4.3177485,0,,,,,337.16246707936676,0.0004285601,878.4864627561756,0.00042008274,0.0050986987,-0.04508606
0.9996923,0.00036136658,0,0.0014662801,337.1620052873801,878.4861379341438,1162,8458.914,3.125686,516.1394,0.17342797,11948.826,4.3192353,0,,,,,337.1620052873801,0.00042855827,878.4861379341438,0.00042003798,0.004845323,-0.044595975
0.9995753,0.00036121608,0,0.001467251,337.16225478647584,878.4871506427537,1163,8459.248,3.1256797,515.8243,0.17352352,11947.428,4.3174367,0,,,,,337.16225478647584,0.0004284103,878.4871506427537,0.00041984432,0.004912998,-0.044316858
1.0004013,0.00036125726,0,0.0014682218,337.16115758328414,878.4859475246828,1164,8465.972,3.1264253,515.9927,0.17345953,11957.3,4.317929,0,,,,,337.16115758328414,0.00042819753,878.4859475246828,0.00041980593,0.004774343,-0.044452716
1.0001496,0.00036143398,0,0.0014691926,337.16136731344403,878.4872304398802,1165,8465.196,3.126419,515.8908,0.17365664,11954.292,4.320041,0,,,,,337.16136731344403,0.0004286623,878.4872304398802,0.000420091,0.004737327,-0.044037424
1.0006468,0.00036140016,0,0.0014701632,337.161600180973,878.4873862035648,1166,8468.476,3.126579,515.882,0.17343059,11960.235,4.319637,0,,,,,337.161600180973,0.0004282523,878.4873862035648,0.00041966798,0.0047248593,-0.044127442
1.0002536,0.00036132324,0,0.0014711338,337.1617381158323,878.4878108711974,1167,8466.74,3.126456,515.84094,0.17343497,11955.535,4.3187175,0,,,,,337.1617381158323,0.0004282685,878.4878108711974,0.0004196668,0.0046281368,-0.04357082
1.000218,0.00036116326,0,0.0014721043,337.1625261621239,878.4885601743185,1168,8465.3125,3.1263058,515.47797,0.17348874,11955.109,4.3168054,0,,,,,337.1625261621239,0.00042811345,878.4885601743185,0.00041945852,0.0040477375,-0.04383584
1.0018507,0.00036145098,0,0.0014730748,337.1615462598494,878.4880443552156,1169,8479.845,3.12763,515.7492,0.17361282,11974.625,4.3202443,0,,,,,337.1615462598494,0.0004276115,878.4880443552156,0.00041914146,0.004233247,-0.0437249
0.9999228,0.00036126372,0,0.0014740451,337.16157847613664,878.4876100510677,1170,8464.357,3.126509,519.18726,0.17367592,11951.581,4.318006,0,,,,,337.16157847613664,0.00042846223,878.4876100510677,0.0004199533,0.004211247,-0.043317117
0.9995093,0.00036095319,0,0.0014750153,337.1613469551715,878.4876179778028,1171,8459.063,3.1256864,516.546,0.1736348,11946.639,4.3142943,0,,,,,337.1613469551715,0.0004286749,878.4876179778028,0.00042005675,0.0040180697,-0.04374776
1.0004045,0.0003612219,0,0.0014759855,337.1607185633169,878.4876443468246,1172,8468.694,3.126686,516.0591,0.17347963,11957.338,4.3175063,0,,,,,337.1607185633169,0.00042848557,878.4876443468246,0.0004198932,0.0038862366,-0.04318191
1.000458,0.00036100767,0,0.0014769556,337.16251544460863,878.4883231875555,1173,8468.497,3.126626,516.0564,0.17363419,11957.979,4.3149457,0,,,,,337.16251544460863,0.00042824636,878.4883231875555,0.0004196536,0.0040515913,-0.04327363
1.0003871,0.00036130872,0,0.0014779256,337.16148347088546,878.4884422630772,1174,8469.824,3.126836,515.863,0.17357753,11957.131,4.318544,0,,,,,337.16148347088546,0.000428426,878.4884422630772,0.00041979895,0.0044578756,-0.042860564
1.0007751,0.00036120316,0,0.0014788954,337.1616053440974,878.4881292410699,1175,8472.6045,3.1270137,515.72284,0.17368123,11961.769,4.317282,0,,,,,337.1616053440974,0.00042805204,878.4881292410699,0.000419454,0.0043629687,-0.04334201
1.0003182,0.00036138145,0,0.0014798653,337.16160184214203,878.4879536313728,1176,8467.818,3.1264424,516.42975,0.17354645,11956.307,4.319413,0,,,,,337.16160184214203,0.00042854072,878.4879536313728,0.00041985183,0.004442977,-0.0434029
1.0000452,0.00036142758,0,0.001480835,337.16184935028707,878.4878585459005,1177,8465.712,3.126237,516.1499,0.17346662,11953.044,4.3199644,0,,,,,337.16184935028707,0.0004283273,878.4878585459005,0.00041975256,0.0044229487,-0.04317657
0.99981153,0.00036149076,0,0.0014818048,337.16068458642286,878.4880249222506,1178,8464.106,3.1261427,516.209,0.17365961,11950.251,4.3207197,0,,,,,337.16068458642286,0.0004286889,878.4880249222506,0.00042000177,0.00447712,-0.043349538
1.0001549,0.00036156792,0,0.0014827743,337.1629947937046,878.4884688719924,1179,8466.521,3.1263406,516.431,0.17341273,11954.355,4.321642,0,,,,,337.1629947937046,0.00042833996,878.4884688719924,0.00041980023,0.0048941267,-0.043569595
0.99972755,0.00036150712,0,0.0014837438,337.16185163038745,878.4882561328864,1180,8463.288,3.1261227,516.369,0.17351937,11949.247,4.320915,0,,,,,337.16185163038745,0.00042870283,878.4882561328864,0.0004201258,0.00465618,-0.043329716
1.0001361,0.00036164044,0,0.0014847133,337.16213335485423,878.4883854487542,1181,8467.9795,3.1267183,516.2321,0.17359607,11954.131,4.322509,0,,,,,337.16213335485423,0.0004285171,878.4883854487542,0.0004199232,0.0052085808,-0.043203767
0.9999628,0.00036159332,0,0.0014856826,337.1621761005787,878.4884544922962,1182,8465.97,3.1263175,515.73236,0.17367029,11952.06,4.3219457,0,,,,,337.1621761005787,0.00042844916,878.4884544922962,0.00041988338,0.0055198125,-0.043471985
0.9999429,0.0003616301,0,0.0014866518,337.16264737581196,878.4882217568154,1183,8465.352,3.1262887,515.67725,0.17365885,11951.821,4.3223853,0,,,,,337.16264737581196,0.00042814037,878.4882217568154,0.00041953198,0.005315686,-0.04348102
0.999979,0.00036164938,0,0.001487621,337.1626854100104,878.4884485422981,1184,8468.239,3.1266596,516.76135,0.173509,11952.253,4.3226156,0,,,,,337.1626854100104,0.00042841706,878.4884485422981,0.00041985477,0.006048438,-0.04284007
0.999688,0.00036154402,0,0.00148859,337.16243337660734,878.4874535380104,1185,8463.254,3.1260283,516.2034,0.17360963,11948.775,4.3213563,0,,,,,337.16243337660734,0.00042841438,878.4874535380104,0.000419888,0.0055295634,-0.043517493
1.000233,0.00036164408,0,0.0014895591,337.161895688332,878.4878715212209,1186,8467.25,3.1264985,516.1954,0.17362891,11955.29,4.322552,0,,,,,337.161895688332,0.00042851732,878.4878715212209,0.00042002441,0.0053141727,-0.043603886
1.000004,0.00036163334,0,0.001490528,337.1619502466203,878.4875147597164,1187,8466.6,3.1264458,515.89545,0.17350595,11952.552,4.322424,0,,,,,337.1619502466203,0.00042852855,878.4875147597164,0.00042005995,0.005555522,-0.04333657
1.0004466,0.00036153002,0,0.0014914968,337.16180177118565,878.4879537775729,1188,8472.312,3.1270509,516.0622,0.17357634,11957.841,4.321189,0,,,,,337.16180177118565,0.00042837253,878.4879537775729,0.00041983568,0.005575177,-0.042851634
1.0004013,0.00036156757,0,0.0014924655,337.1626743030767,878.488406980013,1189,8470.561,3.1268213,516.1481,0.17363328,11957.3,4.3216376,0,,,,,337.1626743030767,0.00042837975,878.488406980013,0.00041981385,0.0058887103,-0.04312555
0.9999617,0.00036179033,0,0.0014934342,337.16224689507436,878.4882565532108,1190,8468.719,3.1265893,515.7126,0.17365558,11952.046,4.3243003,0,,,,,337.16224689507436,0.0004284348,878.4882565532108,0.00041993443,0.005881147,-0.04292597
1.0009991,0.00036193777,128,0.0014944028,337.1620676074828,878.4886685720902,1191,8477.122,3.1283946,515.7312,0.17359008,11964.445,4.3260627,128,,,,,337.1620676074828,0.00042819258,878.4886685720902,0.0004196863,0.0056604366,-0.04283526
1.0004505,0.0003615991,0,0.0014953712,337.16215474300407,878.4890445394718,1192,8471.921,3.126894,515.75934,0.17355403,11957.889,4.3220143,0,,,,,337.16215474300407,0.00042837058,878.4890445394718,0.00041973064,0.0057548787,-0.042869233
0.99991846,0.000361779,0,0.0014963397,337.16196266812983,878.4881056405164,1193,8467.468,3.1265833,515.65765,0.17357825,11951.529,4.324165,0,,,,,337.16196266812983,0.00042859805,878.4881056405164,0.0004200362,0.005585604,-0.042995796
1.0010499,0.0003617539,0,0.001497308,337.162861577752,878.4881028217836,1194,8477.152,3.1274683,515.9618,0.17362297,11965.053,4.323865,0,,,,,337.162861577752,0.00042796662,878.4881028217836,0.00041949423,0.0058005215,-0.04305172
0.9998362,0.0003617333,0,0.0014982763,337.16302985009526,878.4881257173215,1195,8467.154,3.1266093,516.02167,0.17354581,11950.546,4.323619,0,,,,,337.16302985009526,0.00042862486,878.4881257173215,0.0004200647,0.006380035,-0.043247122
1.0003972,0.00036145755,0,0.0014992444,337.1630288323342,878.488656361575,1196,8472.701,3.1268978,515.80853,0.17347154,11957.251,4.320323,0,,,,,337.1630288323342,0.00042820626,878.488656361575,0.00041964534,0.006794737,-0.042794622
0.99944055,0.00036148934,0,0.0015002125,337.16280252520573,878.4884407642501,1197,8465.08,3.1263282,516.30255,0.17354977,11945.817,4.3207026,0,,,,,337.16280252520573,0.0004285443,878.4884407642501,0.00041995468,0.00681147,-0.042675123
0.9995074,0.00036162493,0,0.0015011805,337.1618959290213,878.4892296003391,1198,8468.106,3.1265259,515.8247,0.17355688,11946.616,4.3223233,0,,,,,337.1618959290213,0.00042842978,878.4892296003391,0.0004199574,0.0065600257,-0.042101644
0.9998777,0.0003615575,0,0.0015021483,337.16325810538194,878.4890547328714,1199,8469.456,3.126582,515.9117,0.17353497,11951.042,4.3215175,0,,,,,337.16325810538194,0.00042835035,878.4890547328714,0.00041992177,0.0063815163,-0.04264437
1.0003177,0.00036185962,0,0.0015031161,337.16167854483706,878.4887241963363,1200,8474.008,3.127186,515.6231,0.1735492,11956.302,4.3251286,0,,,,,337.16167854483706,0.0004284641,878.4887241963363,0.00041991717,0.006034843,-0.042380225
0.9995293,0.00036146017,0,0.0015040839,337.1635237323906,878.490452764672,1201,8467.979,3.126653,516.0971,0.17365731,11946.878,4.320354,0,,,,,337.1635237323906,0.0004285039,878.490452764672,0.00041991126,0.0065879063,-0.042134356
0.99998283,0.00036163582,0,0.0015050515,337.1633265457323,878.4895431470691,1202,8471.595,3.1268764,516.1015,0.17356421,11952.299,4.3224535,0,,,,,337.1633265457323,0.00042813184,878.4895431470691,0.00041958838,0.006090209,-0.042156648
0.99997336,0.00036188742,0,0.001506019,337.16246551767705,878.4889310070719,1203,8470.977,3.12685,516.2478,0.17352213,11952.186,4.325461,0,,,,,337.16246551767705,0.000428751,878.4889310070719,0.00042017226,0.006091376,-0.042414367
1.0003079,0.0003618111,0,0.0015069864,337.16215658228094,878.4893114481094,1204,8474.256,3.12725,515.79913,0.1735677,11956.185,4.3245487,0,,,,,337.16215658228094,0.0004280523,878.4893114481094,0.00041947758,0.006378805,-0.04249359
0.9998748,0.000361766,0,0.0015079539,337.1633458500685,878.4904218845544,1205,8472.139,3.1269736,515.7023,0.17353061,11951.007,4.3240094,0,,,,,337.1633458500685,0.00042821452,878.4904218845544,0.0004196581,0.006136523,-0.04188896
1.0002284,0.00036170316,0,0.0015089212,337.1629124504657,878.4898351760726,1206,8476.09,3.127275,515.83044,0.17334068,11955.233,4.3232584,0,,,,,337.1629124504657,0.00042832107,878.4898351760726,0.00041974534,0.0065174117,-0.041661266
0.99981666,0.0003617336,0,0.0015098883,337.16274064085985,878.489527920665,1207,8471.821,3.1269102,514.3943,0.17359047,11950.3125,4.323622,0,,,,,337.16274064085985,0.00042857658,878.489527920665,0.00042003155,0.00647834,-0.041946504
0.99983716,0.00036183777,0,0.0015108554,337.16339919182957,878.4885649007476,1208,8471.647,3.1268702,515.9083,0.17355353,11950.558,4.3248672,0,,,,,337.16339919182957,0.00042823126,878.4885649007476,0.00041974182,0.006354702,-0.041988183
1.0002826,0.00036187802,0,0.0015118225,337.1620983909348,878.4888167310193,1209,8475.1455,3.1272044,514.4153,0.1735613,11955.883,4.3253484,0,,,,,337.1620983909348,0.00042827846,878.4888167310193,0.00041973536,0.0062214197,-0.042119026
0.9993903,0.0003618135,0,0.0015127894,337.16217672807863,878.4896709334495,1210,8468.953,3.1265097,515.32184,0.17343338,11945.217,4.3245773,0,,,,,337.16217672807863,0.00042854724,878.4896709334495,0.00041993216,0.00602609,-0.041796412
1.0002313,0.00036177837,0,0.0015137562,337.16248388784203,878.4900057675678,1211,8476.177,3.12718,515.1239,0.17352691,11955.269,4.324157,0,,,,,337.16248388784203,0.00042798015,878.4900057675678,0.00041941786,0.006450378,-0.041833855
1.000027,0.00036167254,0,0.0015147231,337.16233100901457,878.4886748353949,1212,8474.36,3.1270738,514.5361,0.17360555,11952.826,4.3228927,0,,,,,337.16233100901457,0.0004283599,878.4886748353949,0.00041982578,0.0066795377,-0.04194675
1.0002079,0.00036178707,0,0.0015156897,337.1628673230045,878.4898390370486,1213,8475.761,3.127169,514.861,0.1736421,11954.988,4.324261,0,,,,,337.1628673230045,0.00042834584,878.4898390370486,0.00041979962,0.006338336,-0.041930582
0.99976593,0.00036188113,0,0.0015166563,337.1622472499841,878.4890052574026,1214,8472.079,3.1268673,514.58575,0.17356616,11949.706,4.3253856,0,,,,,337.1622472499841,0.00042839494,878.4890052574026,0.00041988277,0.006247496,-0.041835703
0.9996499,0.00036172694,0,0.0015176227,337.16238420185664,878.4895548465568,1215,8471.113,3.1267514,514.96014,0.17348848,11948.319,4.3235426,0,,,,,337.16238420185664,0.00042846502,878.4895548465568,0.0004198665,0.0064661973,-0.04169332
1.0002848,0.00036171955,0,0.0015185892,337.16137815834577,878.4880969120209,1216,8474.183,3.1270711,514.89435,0.17337872,11955.907,4.3234544,0,,,,,337.16137815834577,0.00042876633,878.4880969120209,0.0004202186,0.0067765554,-0.042622432
1.0000844,0.00036178058,0,0.0015195556,337.1625536445728,878.489673831788,1217,8474.384,3.1271782,515.21936,0.17354237,11953.513,4.324184,0,,,,,337.1625536445728,0.0004284499,878.489673831788,0.00041990212,0.0062967143,-0.041850857
1.0005988,0.00036194187,0,0.0015205218,337.1635064444156,878.4887270760162,1218,8478.192,3.1275282,515.4524,0.17349088,11959.661,4.326112,0,,,,,337.1635064444156,0.00042820285,878.4887270760162,0.00041975238,0.006488288,-0.042028476
1.000028,0.0003618082,0,0.001521488,337.16216487407087,878.4901360860769,1219,8474.735,3.1271286,515.2077,0.17348613,11952.839,4.324514,0,,,,,337.16216487407087,0.00042849407,878.4901360860769,0.00041993553,0.0063638827,-0.041712325
0.99918395,0.00036194126,0,0.001522454,337.1629138320451,878.4897033911534,1220,8467.663,3.1264439,514.22125,0.17365701,11942.75,4.326104,0,,,,,337.1629138320451,0.00042871488,878.4897033911534,0.00042018105,0.0062317015,-0.041770298
0.99943787,0.000361899,0,0.00152342,337.1625712133409,878.4904601655419,1221,8469.589,3.1266823,514.4766,0.17344922,11945.785,4.325599,0,,,,,337.1625712133409,0.00042848283,878.4904601655419,0.00041986653,0.006005456,-0.041744
1.0003716,0.00036196326,0,0.0015243859,337.16156768132083,878.4895757953125,1222,8477.843,3.1272507,514.0249,0.1735264,11956.945,4.3263674,0,,,,,337.16156768132083,0.00042821266,878.4895757953125,0.00041971242,0.006106091,-0.041514635
0.99985206,0.00036194784,0,0.0015253517,337.1619108439691,878.4904323868807,1223,8473.947,3.127074,514.6778,0.17351854,11950.735,4.326183,0,,,,,337.1619108439691,0.00042864264,878.4904323868807,0.00041999898,0.006184346,-0.041457735
1.0007547,0.00036211396,0,0.0015263173,337.1628098627703,878.4896959826053,1224,8481.975,3.1279225,513.6233,0.1735735,11961.524,4.3281684,0,,,,,337.1628098627703,0.00042816438,878.4896959826053,0.0004196258,0.006234673,-0.04154666
0.9994189,0.00036168378,0,0.001527283,337.1625674104352,878.4895662425135,1225,8470.998,3.126718,513.88574,0.17351007,11945.559,4.3230267,0,,,,,337.1625674104352,0.0004287808,878.4895662425135,0.00042025303,0.006447973,-0.0413372
1.0003245,0.0003619367,0,0.0015282485,337.1624158619506,878.4902883673427,1226,8478.422,3.1274858,514.44275,0.1735149,11956.382,4.32605,0,,,,,337.1624158619506,0.00042809363,878.4902883673427,0.0004195534,0.0066306707,-0.04153286
1.0002339,0.00036208046,0,0.001529214,337.1624584467339,878.4905903775934,1227,8479.076,3.1275492,514.3358,0.17360204,11955.299,4.3277683,0,,,,,337.1624584467339,0.00042813967,878.4905903775934,0.00041963116,0.00664817,-0.041129924
0.9999955,0.00036192383,0,0.0015301793,337.16308941374916,878.4903164146849,1228,8476.173,3.1270888,513.9715,0.1736181,11952.45,4.325896,0,,,,,337.16308941374916,0.00042812544,878.4903164146849,0.00041958663,0.006498407,-0.041210853
0.99987257,0.0003618633,0,0.0015311446,337.16296273769154,878.4904181158647,1229,8475.328,3.1270847,514.68634,0.17359729,11950.98,4.3251724,0,,,,,337.16296273769154,0.0004282571,878.4904181158647,0.0004197427,0.0065218383,-0.041208703
0.9999106,0.00036200663,0,0.0015321098,337.1621199331133,878.4897233368279,1230,8475.025,3.1270947,514.5861,0.17362712,11951.436,4.3268857,0,,,,,337.1621199331133,0.00042816898,878.4897233368279,0.00041958183,0.006421377,-0.0414847
1.0000331,0.00036204205,0,0.0015330749,337.16228088688854,878.4901215168276,1231,8476.787,3.1271896,514.20135,0.17359126,11952.9,4.327309,0,,,,,337.16228088688854,0.00042827582,878.4901215168276,0.00041973713,0.0066776285,-0.04134516
0.9993154,0.00036192738,0,0.0015340399,337.16328424774395,878.490983200972,1232,8471.541,3.1266916,514.424,0.17344663,11944.321,4.325938,0,,,,,337.16328424774395,0.00042866872,878.490983200972,0.0004201394,0.0064386013,-0.040940896
0.9994864,0.00036200136,0,0.0015350048,337.16164439241436,878.4908377929651,1233,8472.246,3.1268191,514.30194,0.1734696,11946.365,4.3268228,0,,,,,337.16164439241436,0.00042820573,878.4908377929651,0.000419668,0.006160875,-0.041142117
1.0001445,0.00036193096,0,0.0015359697,337.16322479424383,878.4900221997084,1234,8478.673,3.1273365,514.32007,0.1734994,11954.231,4.325981,0,,,,,337.16322479424383,0.00042820635,878.4900221997084,0.00041972427,0.0062997835,-0.041056637
0.9996567,0.00036201067,0,0.0015369344,337.16286435019293,878.4911169246893,1235,8474.21,3.1270053,514.29095,0.173491,11948.4,4.326934,0,,,,,337.16286435019293,0.00042859634,878.4911169246893,0.00041993914,0.0059129647,-0.04100363
1.0000626,0.0003618829,0,0.001537899,337.1621916223616,878.4906146473854,1236,8478.482,3.1273432,514.1573,0.17365831,11953.252,4.325407,0,,,,,337.1621916223616,0.0004284085,878.4906146473854,0.000419866,0.0064652874,-0.040870488
0.9997388,0.0003618658,0,0.0015388635,337.162300814445,878.4911021775063,1237,8475.297,3.1270502,514.2766,0.1735784,11949.382,4.3252025,0,,,,,337.162300814445,0.0004285596,878.4911021775063,0.0004200068,0.0065634567,-0.04081097
0.9998347,0.00036201417,0,0.001539828,337.16197892033307,878.4896903733411,1238,8477.055,3.1271863,513.9405,0.17342712,11950.528,4.326976,0,,,,,337.16197892033307,0.00042861505,878.4896903733411,0.00042002666,0.0064551746,-0.04085544
1.0003879,0.00036211897,0,0.0015407924,337.1619231762491,878.4910633044756,1239,8481.921,3.1277664,514.2223,0.17362677,11957.141,4.3282285,0,,,,,337.1619231762491,0.00042827692,878.4910633044756,0.00041965922,0.0060435133,-0.040559314
0.9998878,0.00036197947,0,0.0015417567,337.1620510545646,878.4903352096901,1240,8477.613,3.127279,513.5315,0.17366345,11951.163,4.326561,0,,,,,337.1620510545646,0.0004283889,878.4903352096901,0.00041978667,0.0063981554,-0.040700417
1.0000281,0.00036197226,0,0.0015427208,337.16232130469,878.4907092307892,1241,8479.361,3.1274474,514.2713,0.17336941,11952.841,4.3264747,0,,,,,337.16232130469,0.00042842494,878.4907092307892,0.0004198698,0.006217127,-0.040376097
0.99988806,0.00036203978,0,0.001543685,337.1621233318821,878.4908106003763,1242,8477.796,3.1272402,513.8866,0.17358793,11951.166,4.327282,0,,,,,337.1621233318821,0.00042840448,878.4908106003763,0.00041979004,0.006201557,-0.040497873
0.9993164,0.00036196894,0,0.001544649,337.16238900205633,878.4908037307641,1243,8473.524,3.1269836,513.5486,0.17359242,11944.333,4.326435,0,,,,,337.16238900205633,0.00042864925,878.4908037307641,0.00042004188,0.0060606846,-0.040654168
0.9999703,0.0003620782,0,0.0015456129,337.1619641042789,878.4914454814249,1244,8479.785,3.127384,513.4291,0.17363581,11952.149,4.327741,0,,,,,337.1619641042789,0.00042812128,878.4914454814249,0.00041950462,0.006443566,-0.040326938
1.0001614,0.00036209633,0,0.0015465767,337.1619494226931,878.4904531651084,1245,8481.28,3.1276352,514.2872,0.17341776,11954.434,4.3279576,0,,,,,337.1619494226931,0.00042823143,878.4904531651084,0.00041967497,0.0067163934,-0.040683895
1.0006511,0.00036219822,0,0.0015485041,337.1624326830794,878.4913027745791,1247,8485.371,3.1279445,513.963,0.17344426,11960.286,4.3291755,0,,,,,337.1624326830794,0.00042772753,878.4913027745791,0.00041915808,0.0064347056,-0.040590167
0.9998352,0.0003620658,0,0.0015494677,337.16201640210187,878.4915967541772,1248,8478.957,3.1274617,513.50854,0.17356479,11950.534,4.327593,0,,,,,337.16201640210187,0.00042828405,878.4915967541772,0.00041968178,0.0063936883,-0.040287837
0.99953526,0.0003621491,0,0.0015504311,337.1634440095014,878.4920098919793,1249,8476.97,3.1272361,513.5439,0.17370419,11946.949,4.3285885,0,,,,,337.1634440095014,0.00042810847,878.4920098919793,0.0004195633,0.006066638,-0.040165216
1.0003939,0.00036227613,0,0.0015513946,337.16149668835493,878.4919104065252,1250,8485.346,3.128117,513.7009,0.17359509,11957.211,4.3301067,0,,,,,337.16149668835493,0.00042842593,878.4919104065252,0.00041981667,0.0056958557,-0.039861873
1.0004759,0.00036233236,0,0.0015523578,337.16221777467297,878.4925117231976,1251,8487.671,3.128256,513.3258,0.17357124,11958.192,4.330779,0,,,,,337.16221777467297,0.0004281908,878.4925117231976,0.0004195724,0.005565379,-0.039415088
1.0002311,0.00036224083,0,0.001553321,337.16181117455983,878.4921258131834,1252,8486.543,3.1281614,513.84644,0.17374872,11955.267,4.3296847,0,,,,,337.16181117455983,0.000428187,878.4921258131834,0.00041953864,0.005099208,-0.039154902
1.0003285,0.0003622882,0,0.0015542841,337.1619244723679,878.493028559114,1253,8489.965,3.1284914,513.2853,0.17343876,11956.431,4.330251,0,,,,,337.1619244723679,0.00042828475,878.493028559114,0.00041968498,0.005893899,-0.038627084
1.0002764,0.00036217144,0,0.0015552471,337.16133642781125,878.493583621917,1254,8488.397,3.12848,514.0159,0.1735787,11955.808,4.3288555,0,,,,,337.16133642781125,0.00042826054,878.493583621917,0.0004196288,0.0051203067,-0.038566407
0.9999184,0.0003623419,0,0.0015562101,337.16056574680175,878.4947753504717,1255,8487.806,3.1282856,513.92267,0.17356756,11951.528,4.330893,0,,,,,337.16056574680175,0.00042830236,878.4947753504717,0.0004196759,0.005181463,-0.037877515
0.9998321,0.0003621044,0,0.0015571729,337.16135246660497,878.4940899311973,1256,8487.621,3.12819,513.1989,0.17349064,11950.497,4.328054,0,,,,,337.16135246660497,0.00042842436,878.4940899311973,0.0004197935,0.005017036,-0.037710775
0.99992394,0.00036224723,0,0.0015581356,337.1611661755229,878.493321032374,1257,8485.644,3.1279788,513.4226,0.17350699,11951.595,4.3297615,0,,,,,337.1611661755229,0.00042837168,878.493321032374,0.00041971658,0.004311762,-0.03828045
1.0005533,0.00036230325,0,0.0015590983,337.16207137823653,878.4927755245393,1258,8491.296,3.128485,513.59534,0.17346214,11959.117,4.330431,0,,,,,337.16207137823653,0.00042796196,878.4927755245393,0.00041932528,0.0045733103,-0.038236346
1.0003328,0.0003622114,0,0.0015600608,337.1609348526587,878.4937533303255,1259,8489.135,3.1283827,513.4617,0.17348164,11956.481,4.3293333,0,,,,,337.1609348526587,0.00042825748,878.4937533303255,0.00041952566,0.004337377,-0.03844246
1.0000173,0.00036230532,0,0.0015610233,337.16111994362,878.4950024523691,1260,8489.092,3.1283643,513.22626,0.17360821,11952.711,4.330456,0,,,,,337.16111994362,0.0004282761,878.4950024523691,0.00041962188,0.0044649383,-0.03759539
1.0001217,0.00036231455,0,0.0015619857,337.1613055495167,878.4934003187216,1261,8488.405,3.1283014,513.3556,0.1735234,11953.959,4.330566,0,,,,,337.1613055495167,0.0004281208,878.4934003187216,0.00041950747,0.004401443,-0.038386844
1.0001991,0.00036236935,0,0.0015629479,337.16127426555414,878.492971440167,1262,8490.102,3.1285112,513.44556,0.17341487,11954.884,4.331221,0,,,,,337.16127426555414,0.00042804182,878.492971440167,0.0004194389,0.0045888643,-0.03826393
0.99958104,0.00036230296,0,0.0015639102,337.16145966567643,878.4937900688603,1263,8484.477,3.1279674,513.90894,0.17350228,11947.496,4.3304276,0,,,,,337.16145966567643,0.0004283772,878.4937900688603,0.00041969738,0.0049001295,-0.038308125
0.9998697,0.00036239717,0,0.0015648722,337.1619739324898,878.4934539105291,1264,8487.352,3.1282227,513.2413,0.17353454,11950.946,4.3315535,0,,,,,337.1619739324898,0.0004283699,878.4934539105291,0.00041969612,0.0053436155,-0.03840132
0.9999315,0.00036230122,0,0.0015658342,337.16141863853886,878.493164935977,1265,8487.644,3.128332,513.6555,0.1735948,11951.686,4.3304067,0,,,,,337.16141863853886,0.00042818545,878.493164935977,0.00041962598,0.0052931732,-0.038179588
1.0005823,0.00036233888,0,0.0015667961,337.1619400592543,878.4924784759921,1266,8491.704,3.128655,512.6471,0.17362075,11959.465,4.330857,0,,,,,337.1619400592543,0.00042827416,878.4924784759921,0.00041965352,0.004890022,-0.038562536
1.0006028,0.0003624453,0,0.0015677579,337.1616574477589,878.4916452267048,1267,8492.744,3.12888,513.76544,0.17347932,11959.71,4.332129,0,,,,,337.1616574477589,0.0004276912,878.4916452267048,0.00041916282,0.005591581,-0.038475778
1.0000821,0.0003623166,0,0.0015687196,337.16155313979135,878.4936079228645,1268,8490.015,3.1284764,512.9653,0.17360806,11953.486,4.3305907,0,,,,,337.16155313979135,0.00042826222,878.4936079228645,0.00041970806,0.0056326166,-0.038386226
0.99998385,0.00036228012,0,0.0015696812,337.1615901393738,878.4934302992215,1269,8489.144,3.1283562,513.00037,0.17355339,11952.311,4.3301544,0,,,,,337.1615901393738,0.00042827308,878.4934302992215,0.0004196783,0.0060354336,-0.038020536
0.9995088,0.00036231865,0,0.0015706428,337.16133135163153,878.4943139377332,1270,8486.048,3.1281056,512.94006,0.17351978,11946.633,4.330615,0,,,,,337.16133135163153,0.0004285272,878.4943139377332,0.00041993818,0.005918778,-0.037848305
1.0003346,0.00036242508,0,0.0015716043,337.16156131658676,878.4937733208209,1271,8491.886,3.1287658,512.85596,0.17355713,11956.503,4.3318872,0,,,,,337.16156131658676,0.0004281263,878.4937733208209,0.0004194978,0.005842214,-0.038242057
0.99950635,0.00036215657,0,0.0015725656,337.1622937659334,878.4942100712113,1272,8486.791,3.1282365,512.8601,0.173514,11946.604,4.3286777,0,,,,,337.1622937659334,0.00042854407,878.4942100712113,0.00041993748,0.006361622,-0.03789688
0.99937665,0.00036229377,0,0.0015735269,337.16186111330717,878.493208444097,1273,8484.775,3.127808,512.8408,0.17345992,11945.054,4.3303175,0,,,,,337.16186111330717,0.00042838906,878.493208444097,0.00041985363,0.006146675,-0.038320303
1.0002445,0.0003623025,0,0.001574488,337.1616672628268,878.4934813908461,1274,8492.283,3.128667,513.0102,0.17354915,11955.427,4.330422,0,,,,,337.1616672628268,0.0004279345,878.4934813908461,0.0004193741,0.0064422106,-0.038144946
0.99999577,0.00036234505,128,0.001575449,337.1608459161556,878.4942161725443,1275,8489.377,3.1291952,512.9022,0.17334026,11952.453,4.3309307,128,,,,,337.1608459161556,0.00042806758,878.4942161725443,0.00041941748,0.0061657345,-0.038285658
0.999465,0.0003622486,0,0.00157641,337.16216766416017,878.4930385977111,1276,8485.634,3.1280608,513.1668,0.17340812,11946.109,4.3297777,0,,,,,337.16216766416017,0.00042862105,878.4930385977111,0.00042010855,0.006158352,-0.038230367
1.0003933,0.00036227464,128,0.0015773709,337.16188895823154,878.4928221987267,1277,8492.673,3.1296172,513.2855,0.17359798,11957.204,4.330089,128,,,,,337.16188895823154,0.00042784688,878.4928221987267,0.00041932915,0.0060416176,-0.03865363
0.9998923,0.000362406,0,0.0015783317,337.16134143216357,878.4924675885409,1278,8488.166,3.1282132,513.1828,0.17365712,11951.217,4.331659,0,,,,,337.16134143216357,0.00042819296,878.4924675885409,0.00041964662,0.005674268,-0.03872447
0.99964637,0.00036227284,0,0.0015792924,337.1615218084096,878.4932798183276,1279,8486.819,3.1283464,512.74976,0.17350097,11948.277,4.3300676,0,,,,,337.1615218084096,0.00042845425,878.4932798183276,0.00041987788,0.005851028,-0.038289987
0.99937606,0.00036224473,0,0.001580253,337.1626087363323,878.492647366499,1280,8484.003,3.1277928,512.9303,0.1735197,11945.046,4.3297315,0,,,,,337.1626087363323,0.00042831316,878.492647366499,0.0004198371,0.0058894013,-0.038676873
0.9985526,0.00036214394,0,0.0015812134,337.16209431920555,878.4935452263973,1281,8479.565,3.1273384,511.89688,0.17362219,11935.204,4.328527,0,,,,,337.16209431920555,0.00042846886,878.4935452263973,0.0004198941,0.0061604814,-0.037994813
0.9995766,0.00036236356,0,0.0015821739,337.1613052371221,878.493282756181,1282,8485.234,3.1279233,512.61804,0.17355818,11947.443,4.331152,0,,,,,337.1613052371221,0.00042827893,878.493282756181,0.0004196494,0.0058156434,-0.03839722
1.0001124,0.0003623595,0,0.0015831342,337.16119469545407,878.4931442770669,1283,8489.329,3.1283126,512.7818,0.17338006,11953.848,4.3311033,0,,,,,337.16119469545407,0.00042846755,878.4931442770669,0.0004198256,0.0053552394,-0.03871885
0.9997232,0.00036236673,0,0.0015840945,337.16089977368716,878.493643146989,1284,8487.713,3.1282341,512.9605,0.17348209,11949.195,4.3311896,0,,,,,337.16089977368716,0.00042837183,878.493643146989,0.00041981105,0.0059055053,-0.038250934
0.99963146,0.0003622331,0,0.0015850546,337.16172653875265,878.4933594050191,1285,8487.609,3.1281266,512.79895,0.17360592,11948.099,4.3295927,0,,,,,337.16172653875265,0.00042838822,878.4933594050191,0.0004198513,0.0061130095,-0.038238015
0.9999725,0.00036216486,0,0.0015860145,337.16174618194157,878.4931175649239,1286,8491.261,3.1285853,512.743,0.17355305,11952.176,4.328777,0,,,,,337.16174618194157,0.00042827218,878.4931175649239,0.0004197686,0.0064935493,-0.038150903
1.0002091,0.0003623762,0,0.0015869745,337.16194719932963,878.4935552897006,1287,8491.8,3.1285353,512.2766,0.17354985,11955.003,4.3313026,0,,,,,337.16194719932963,0.0004282407,878.4935552897006,0.00041966396,0.006014504,-0.038359698
0.9999485,0.00036221297,0,0.0015879343,337.16142997465647,878.4932421051761,1288,8489.928,3.128461,512.7384,0.17350945,11951.889,4.329352,0,,,,,337.16142997465647,0.00042817093,878.4932421051761,0.000419563,0.006415586,-0.038282324
1.0001642,0.00036221324,0,0.001588894,337.16189037985174,878.4937829403619,1289,8492.122,3.128735,513.0998,0.17354836,11954.466,4.3293552,0,,,,,337.16189037985174,0.00042828885,878.4937829403619,0.00041973084,0.006504321,-0.038287677
0.99953806,0.00036204935,0,0.0015898538,337.1618486998458,878.4927675249121,1290,8486.626,3.1281471,512.80707,0.1735537,11946.982,4.3273964,0,,,,,337.1618486998458,0.00042859768,878.4927675249121,0.00042005588,0.0067313975,-0.038332395
0.9996446,0.00036222045,0,0.0015908133,337.1617446386105,878.4938624717056,1291,8488.232,3.1282444,512.8731,0.17355841,11948.256,4.3294415,0,,,,,337.1617446386105,0.0004285763,878.4938624717056,0.00041996545,0.0063248086,-0.037843376
0.9996665,0.0003621548,0,0.0015917728,337.1615798212962,878.4939961136886,1292,8489.731,3.1284025,512.18695,0.1736843,11948.518,4.3286567,0,,,,,337.1615798212962,0.00042825588,878.4939961136886,0.0004196783,0.006283496,-0.03771126
0.99977803,0.00036228285,0,0.0015927322,337.16201990511706,878.4934089323683,1293,8488.946,3.1283681,512.76666,0.17345513,11949.851,4.3301873,0,,,,,337.16201990511706,0.00042859855,878.4934089323683,0.0004199995,0.0061957217,-0.03818128
0.9991736,0.0003622072,0,0.0015936914,337.1620058923292,878.4938053422562,1294,8485.109,3.127989,513.03595,0.173435,11942.626,4.329283,0,,,,,337.1620058923292,0.00042850594,878.4938053422562,0.0004199435,0.0064558266,-0.037873648
0.999589,0.00036219365,0,0.0015946506,337.1621977919616,878.4935816704708,1295,8489.866,3.1283882,512.27435,0.1737187,11947.592,4.329121,0,,,,,337.1621977919616,0.00042818807,878.4935816704708,0.00041960555,0.0067916876,-0.037539728
0.99889594,0.00036199158,0,0.0015956096,337.16196313614006,878.4937770325788,1296,8483.649,3.1277072,512.1575,0.1735056,11939.308,4.326706,0,,,,,337.16196313614006,0.00042854185,878.4937770325788,0.00041996705,0.0064662113,-0.037679344
0.999435,0.0003620139,0,0.0015965686,337.16230762443365,878.4943287470645,1297,8488.607,3.1281788,512.2307,0.17345038,11945.751,4.3269725,0,,,,,337.16230762443365,0.00042795224,878.4943287470645,0.00041941574,0.006532531,-0.037566837
0.999773,0.00036183748,0,0.0015975274,337.1614790609658,878.494089192226,1298,8492.535,3.1286235,512.3011,0.17339566,11949.791,4.324864,0,,,,,337.1614790609658,0.0004282827,878.494089192226,0.00041971845,0.006782538,-0.037272695
0.9993441,0.00036219298,0,0.0015984862,337.161896668935,878.4950079700153,1299,8487.841,3.128223,512.0416,0.1737356,11944.664,4.329113,0,,,,,337.161896668935,0.00042854281,878.4950079700153,0.00041996135,0.005913935,-0.037457507
1.0000515,0.00036233943,0,0.0015994449,337.16158836269375,878.4948376842264,1300,8496.549,3.1290243,512.2787,0.17349488,11953.12,4.3308635,0,,,,,337.16158836269375,0.00042824063,878.4948376842264,0.0004196484,0.0056772265,-0.03677586
0.9996088,0.00036217988,0,0.0016004036,337.1621502262863,878.4962865778141,1301,8492.167,3.1286848,512.606,0.17346105,11947.828,4.3289566,0,,,,,337.1621502262863,0.00042841013,878.4962865778141,0.0004198006,0.006248797,-0.036935344
0.9990735,0.000362056,128,0.001601362,337.1621321310989,878.4955671843934,1302,8488.771,3.127005,512.3358,0.17351486,11941.43,4.3274755,128,,,,,337.1621321310989,0.00042834284,878.4955671843934,0.0004197393,0.0063235853,-0.036548693
0.99983567,0.00036203032,0,0.0016023205,337.16154014767415,878.4951006178247,1303,8494.634,3.1274974,511.8842,0.1734526,11950.54,4.327169,0,,,,,337.16154014767415,0.00042826642,878.4951006178247,0.0004197072,0.0060446975,-0.036554616
1.0000646,0.00036232185,0,0.0016032787,337.161789892344,878.4947989175231,1304,8494.991,3.1289182,512.4147,0.17328495,11953.276,4.330653,0,,,,,337.161789892344,0.00042838015,878.4947989175231,0.00041964286,0.006310532,-0.03730071
0.9999745,0.00036228602,0,0.0016042369,337.16153696098866,878.4950172137801,1305,8495.691,3.1289287,511.97452,0.17354414,11952.199,4.330225,0,,,,,337.16153696098866,0.000428344,878.4950172137801,0.0004197536,0.006474854,-0.036944985
0.9997038,0.00036205276,0,0.001605195,337.1623205923631,878.494839650249,1306,8493.38,3.1273696,512.0054,0.17357635,11948.964,4.327437,0,,,,,337.1623205923631,0.00042830678,878.494839650249,0.00041976647,0.0062037464,-0.036905482
0.9998834,0.00036218122,0,0.0016061531,337.1620175546175,878.4950734452156,1307,8494.456,3.1273932,511.79837,0.17361721,11951.11,4.3289723,0,,,,,337.1620175546175,0.00042809412,878.4950734452156,0.00041952654,0.006110746,-0.036732733
1.0001887,0.0003622374,0,0.001607111,337.1614695772042,878.4951200012295,1308,8496.546,3.1289434,511.5011,0.17349158,11954.76,4.3296437,0,,,,,337.1614695772042,0.00042800838,878.4951200012295,0.00041939213,0.0063626715,-0.036894068
0.99968404,0.0003622762,0,0.0016080688,337.16203521522306,878.4938377042406,1309,8492.289,3.1285,512.0088,0.17339805,11948.728,4.3301077,0,,,,,337.16203521522306,0.00042822643,878.4938377042406,0.0004197525,0.005928321,-0.036965076
0.99985933,0.00036223236,0,0.0016090265,337.16122459240864,878.4944699475437,1310,8493.51,3.1287036,512.0269,0.17345658,11950.822,4.3295836,0,,,,,337.16122459240864,0.0004283357,878.4944699475437,0.00041976798,0.0061713955,-0.037212823
0.999899,0.00036234016,0,0.0016099841,337.16135884711025,878.494649839419,1311,8493.742,3.129028,511.80344,0.17361635,11951.297,4.330872,0,,,,,337.16135884711025,0.0004283254,878.494649839419,0.00041969362,0.006015326,-0.037270874
0.9994964,0.00036216518,0,0.0016109416,337.1616141447055,878.4939358314716,1312,8491.69,3.1285717,511.70825,0.17355528,11946.484,4.3287807,0,,,,,337.1616141447055,0.0004282046,878.4939358314716,0.00041963818,0.0065844622,-0.037132632
1.000171,0.00036216836,0,0.0016118991,337.16108635117376,878.4937951594613,1313,8496.033,3.1289558,511.80414,0.17342812,11954.547,4.328819,0,,,,,337.16108635117376,0.0004280735,878.4937951594613,0.00041958937,0.0065179095,-0.037295375
0.9998249,0.00036200072,0,0.0016128564,337.1624089999704,878.4948765487361,1314,8494.651,3.1274853,511.13504,0.17341968,11950.411,4.326815,0,,,,,337.1624089999704,0.00042784392,878.4948765487361,0.00041932546,0.00659215,-0.03686673
0.9997579,0.00036207342,0,0.0016138137,337.16187205419146,878.4948973990703,1315,8493.692,3.1287413,512.2122,0.17351153,11949.61,4.327684,0,,,,,337.16187205419146,0.00042833324,878.4948973990703,0.00041969496,0.006508266,-0.037050694
1.0002245,0.0003622561,0,0.0016147707,337.16168049679493,878.4948968710617,1316,8497.672,3.1291099,511.4273,0.17373174,11955.1875,4.3298674,0,,,,,337.16168049679493,0.00042811743,878.4948968710617,0.00041953052,0.0061243256,-0.03707856
1.0004821,0.00036230544,0,0.0016157278,337.1616039549934,878.4953372490979,1317,8499.313,3.129105,511.55087,0.1735033,11958.267,4.330457,0,,,,,337.1616039549934,0.00042783297,878.4953372490979,0.00041926355,0.006059754,-0.03699052
1.0009142,0.00036220514,0,0.0016166847,337.1613589697705,878.4953058629058,1318,8503.0,3.1295693,511.6569,0.173571,11963.431,4.3292584,0,,,,,337.1613589697705,0.00042774976,878.4953058629058,0.00041923329,0.006148597,-0.0372228
1.0002948,0.0003622022,0,0.0016176415,337.1617071714154,878.4956249308465,1319,8497.738,3.1289916,511.60446,0.17352992,11956.027,4.329223,0,,,,,337.1617071714154,0.00042780407,878.4956249308465,0.00041925765,0.006073353,-0.036871728
0.9999279,0.00036207077,0,0.0016185984,337.1632060260523,878.4944242788464,1320,8493.481,3.1287322,511.5511,0.173359,11951.642,4.3276525,0,,,,,337.1632060260523,0.0004280891,878.4944242788464,0.0004196288,0.0063192076,-0.037299443
0.99953324,0.00036205104,0,0.0016195549,337.16211179145984,878.4940599767523,1321,8491.765,3.1282706,510.8588,0.17356814,11946.925,4.3274164,0,,,,,337.16211179145984,0.00042812657,878.4940599767523,0.00041962846,0.0061991177,-0.037164178
0.99983716,0.00036215174,0,0.0016205115,337.1618245286645,878.4933576181027,1322,8494.465,3.1287944,511.5802,0.17351598,11950.558,4.32862,0,,,,,337.1618245286645,0.00042797858,878.4933576181027,0.00041947752,0.0063375854,-0.037404217
0.99953043,0.0003619708,0,0.001621468,337.16211289555946,878.4944765595275,1323,8490.356,3.1281726,510.92975,0.17336872,11946.892,4.3264575,0,,,,,337.16211289555946,0.00042809878,878.4944765595275,0.00041960462,0.0061135828,-0.03730616
1.0001384,0.0003621908,0,0.0016224243,337.1626971753401,878.4947530886407,1324,8497.163,3.1289663,511.0759,0.17361242,11954.158,4.329087,0,,,,,337.1626971753401,0.00042816566,878.4947530886407,0.0004197019,0.0058656144,-0.037025556
1.0002973,0.00036213896,0,0.0016233806,337.16137040978697,878.4944208037743,1325,8499.872,3.1290793,511.25415,0.17364416,11956.058,4.3284674,0,,,,,337.16137040978697,0.00042784147,878.4944208037743,0.00041932752,0.0061653424,-0.036886573
1.0000083,0.00036184842,0,0.0016243367,337.1617612202848,878.4960719133749,1326,8496.847,3.1276407,511.60278,0.17339167,11952.604,4.3249946,0,,,,,337.1617612202848,0.0004280755,878.4960719133749,0.00041944135,0.006004585,-0.03675135
1.0003142,0.00036216213,0,0.0016252927,337.1619537096027,878.4946440875366,1327,8499.04,3.1291776,510.89584,0.17346075,11956.26,4.3287444,0,,,,,337.1619537096027,0.00042791863,878.4946440875366,0.0004194114,0.0059276656,-0.03698819
0.99940604,0.0003619582,0,0.0016262487,337.1613178000726,878.4954145389171,1328,8493.117,3.1259966,511.24445,0.17350568,11945.404,4.326307,0,,,,,337.1613178000726,0.00042849453,878.4954145389171,0.00041992016,0.006400368,-0.03643166
1.0005293,0.0003621122,0,0.0016272046,337.1627972906553,878.4948530950421,1329,8503.178,3.1281881,511.27478,0.17348662,11958.83,4.3281474,0,,,,,337.1627972906553,0.0004277567,878.4948530950421,0.0004191983,0.006461869,-0.036497302
1.0004884,0.00036214883,0,0.0016281602,337.1616051155321,878.4960344181038,1330,8502.189,3.1294448,511.48184,0.17356017,11958.342,4.328585,0,,,,,337.1616051155321,0.00042804662,878.4960344181038,0.00041945413,0.0064002033,-0.036541548
0.9995008,0.0003617828,0,0.0016291159,337.16214578862747,878.4957665117867,1331,8495.321,3.1260965,511.09335,0.17360084,11946.537,4.32421,0,,,,,337.16214578862747,0.0004283131,878.4957665117867,0.00041980084,0.0058582327,-0.03607352
1.0004513,0.00036218073,0,0.0016300714,337.1601882714763,878.4951359780391,1332,8503.489,3.1281443,511.2803,0.17349069,11957.898,4.3289666,0,,,,,337.1601882714763,0.0004280992,878.4951359780391,0.00041945893,0.0054571456,-0.036062013
1.0001336,0.00036177013,0,0.001631027,337.1616305804983,878.4967495971238,1333,8502.392,3.1267579,511.56802,0.17352383,11954.102,4.324059,0,,,,,337.1616305804983,0.00042813327,878.4967495971238,0.0004194776,0.0058312393,-0.03550401
0.99929565,0.00036188553,0,0.0016319823,337.16146472900556,878.496791996241,1334,8494.943,3.1260252,511.5018,0.17347752,11944.085,4.325438,0,,,,,337.16146472900556,0.00042810067,878.496791996241,0.00041948157,0.0055158646,-0.035709515
0.9994001,0.000361634,0,0.0016329376,337.1607325098638,878.4966658318332,1335,8497.064,3.1262722,511.4716,0.17348553,11945.333,4.322432,0,,,,,337.1607325098638,0.00042848027,878.4966658318332,0.00041982892,0.0051960507,-0.03519035
1.0000887,0.0003618435,0,0.0016338927,337.16060643121773,878.4968949138115,1336,8502.387,3.1267598,511.1624,0.17352058,11953.564,4.324936,0,,,,,337.16060643121773,0.00042810524,878.4968949138115,0.0004194028,0.005085258,-0.035217877
1.0003886,0.00036196574,0,0.0016348477,337.1605390041616,878.4974649557271,1337,8505.709,3.127161,510.96664,0.17339566,11957.149,4.326397,0,,,,,337.1605390041616,0.00042803353,878.4974649557271,0.00041932025,0.004915694,-0.0348594
1.0000472,0.00036193733,0,0.0016358027,337.1607761856877,878.4976557753182,1338,8503.544,3.1269104,511.1175,0.17343988,11953.068,4.3260574,0,,,,,337.1607761856877,0.00042816135,878.4976557753182,0.0004193786,0.004616436,-0.03456693
0.999896,0.00036170878,0,0.0016367575,337.1608457538356,878.4973076961537,1339,8501.694,3.126707,511.17773,0.17343518,11951.261,4.3233256,0,,,,,337.1608457538356,0.00042818065,878.4973076961537,0.00041951434,0.004708497,-0.034802936
0.9999449,0.00036171696,0,0.0016377124,337.16113394841994,878.4975237913998,1340,8502.143,3.1267939,511.23843,0.1734988,11951.846,4.3234234,0,,,,,337.16113394841994,0.00042809302,878.4975237913998,0.00041942514,0.004314852,-0.034668896
1.0001581,0.00036173913,0,0.001638667,337.1608916721294,878.4979025780366,1341,8502.66,3.1268036,510.80963,0.17355725,11954.393,4.3236885,0,,,,,337.1608916721294,0.00042798606,878.4979025780366,0.00041918244,0.0046733078,-0.035240874
1.0003364,0.00036209816,0,0.0016396214,337.1601525641779,878.4979218007398,1342,8506.403,3.1272733,511.444,0.17330597,11956.524,4.3279796,0,,,,,337.1601525641779,0.00042792116,878.4979218007398,0.0004190992,0.004676588,-0.0345215
0.9997768,0.00036189298,0,0.0016405759,337.1610047882837,878.4970966449216,1343,8501.322,3.1266413,511.31677,0.1733967,11949.836,4.325527,0,,,,,337.1610047882837,0.0004284463,878.4970966449216,0.00041976108,0.004563724,-0.034567192
0.99975723,0.00036195433,0,0.0016415303,337.16092825779367,878.4982497491346,1344,8501.915,3.1268024,510.7333,0.17340627,11949.603,4.3262606,0,,,,,337.16092825779367,0.0004282188,878.4982497491346,0.00041952706,0.0049151983,-0.03443574
0.9998614,0.00036186868,0,0.0016424846,337.1610739113708,878.4969172903866,1345,8502.565,3.1269934,511.1385,0.17338844,11950.848,4.325237,0,,,,,337.1610739113708,0.00042842538,878.4969172903866,0.00041972834,0.0051695374,-0.03471811
1.0001583,0.00036192534,0,0.0016434387,337.1613078287519,878.4968986708363,1346,8504.823,3.127023,510.96695,0.1734561,11954.396,4.325914,0,,,,,337.1613078287519,0.00042785387,878.4968986708363,0.00041920922,0.005460005,-0.035174645
0.9999597,0.00036189394,0,0.0016443927,337.1602716900303,878.4978059038468,1347,8501.965,3.1267784,510.38388,0.1734968,11952.022,4.3255386,0,,,,,337.1602716900303,0.00042835047,878.4978059038468,0.000419618,0.005586318,-0.035288163
0.9998984,0.00036183264,0,0.0016453466,337.1610239586011,878.4950229449515,1348,8500.4,3.1264777,510.557,0.17353912,11951.289,4.324806,0,,,,,337.1610239586011,0.0004281411,878.4950229449515,0.0004196192,0.0056851865,-0.03594977
1.0000788,0.0003619318,0,0.0016463005,337.16071965459776,878.4960601993214,1349,8503.327,3.1267843,510.23422,0.17358547,11953.445,4.325991,0,,,,,337.16071965459776,0.00042817407,878.4960601993214,0.00041955026,0.0056614494,-0.03551629
1.0000955,0.0003619957,0,0.0016472542,337.16074384892323,878.4960601857146,1350,8502.421,3.1267426,510.3683,0.17370279,11953.645,4.326755,0,,,,,337.16074384892323,0.00042815914,878.4960601857146,0.0004195404,0.0059297504,-0.035722505
1.0002723,0.00036200264,0,0.0016482079,337.1611201059368,878.496857012744,1351,8506.471,3.1272185,510.69778,0.17342994,11955.759,4.326838,0,,,,,337.1611201059368,0.00042815733,878.496857012744,0.00041955573,0.0060897693,-0.035130262
1.0006908,0.00036191675,0,0.0016491615,337.16164462829636,878.4969930828817,1352,8508.498,3.1272542,510.64267,0.17338447,11960.761,4.3258114,0,,,,,337.16164462829636,0.00042772776,878.4969930828817,0.0004191561,0.0059474953,-0.035693772
1.0003581,0.00036197258,0,0.0016501149,337.16174623869625,878.4972758926473,1353,8505.518,3.1268895,510.014,0.17347053,11956.784,4.3264785,0,,,,,337.16174623869625,0.00042778515,878.4972758926473,0.00041913692,0.0059895655,-0.0357169
0.9993363,0.00036171544,8192,0.0016510682,337.161536754959,878.4965007972881,1354,8498.003,3.1262586,510.5533,0.17350279,11944.571,4.3234053,8192,,,,,337.161536754959,0.0004282863,878.4965007972881,0.00041970532,0.0060254,-0.03534591
0.99969465,0.0003619088,0,0.0016520214,337.1602124574044,878.4960146103978,1355,8500.088,3.1265314,509.8426,0.17342097,11948.8545,4.3257165,0,,,,,337.1602124574044,0.00042826557,878.4960146103978,0.00041966635,0.006009056,-0.035351064
1.0001646,0.00036185188,0,0.0016529745,337.16132226962253,878.4977537271403,1356,8505.773,3.1270676,509.96628,0.17334601,11954.472,4.325036,0,,,,,337.16132226962253,0.00042792212,878.4977537271403,0.00041925718,0.005883185,-0.03494153
0.999732,0.0003617456,0,0.0016539276,337.1607263102242,878.4978907758752,1357,8500.555,3.1265082,509.9144,0.17328683,11949.301,4.3237658,0,,,,,337.1607263102242,0.0004283365,878.4978907758752,0.00041959478,0.00599631,-0.035221882
0.9997918,0.00036182307,0,0.0016548805,337.16123637192453,878.4969255032893,1358,8502.516,3.1268246,509.96805,0.17342313,11950.016,4.324692,0,,,,,337.16123637192453,0.00042802613,878.4969255032893,0.00041939094,0.006156687,-0.035054345
1.0001699,0.00036189827,0,0.0016558333,337.16139055649654,878.4969071085172,1359,8506.432,3.127183,510.85797,0.17333272,11954.534,4.3255906,0,,,,,337.16139055649654,0.0004283215,878.4969071085172,0.000419691,0.006156229,-0.034799464
1.0002974,0.00036200995,0,0.0016567861,337.1616335439779,878.4978601224869,1360,8506.851,3.1270525,509.77618,0.17343093,11956.059,4.3269253,0,,,,,337.1616335439779,0.00042774001,878.4978601224869,0.0004191089,0.005923065,-0.034992103
0.9998179,0.0003619266,0,0.0016577386,337.1610186063277,878.4969576832099,1361,8503.474,3.126695,509.6888,0.1735084,11950.327,4.325929,0,,,,,337.1610186063277,0.00042818452,878.4969576832099,0.00041954368,0.005911687,-0.03480851
1.0002208,0.00036191795,0,0.0016586911,337.160808137211,878.4970512867569,1362,8505.835,3.1269562,509.66867,0.17354359,11955.143,4.3258257,0,,,,,337.160808137211,0.00042791208,878.4970512867569,0.0004192968,0.005767021,-0.035183083
0.9997554,0.00036186283,0,0.0016596436,337.16173637886277,878.4980249289079,1363,8503.647,3.126735,509.35895,0.17340986,11949.58,4.3251667,0,,,,,337.16173637886277,0.00042810634,878.4980249289079,0.0004194078,0.0060106763,-0.034628686
0.99944186,0.0003620461,0,0.0016605959,337.16220766796164,878.4977213485986,1364,8501.11,3.1266286,510.37732,0.1735032,11945.833,4.3273573,0,,,,,337.16220766796164,0.0004284464,878.4977213485986,0.000419819,0.0059230537,-0.034398552
1.0000902,0.00036196635,0,0.001661548,337.16068670819527,878.497705699556,1365,8507.472,3.127161,509.3533,0.17349434,11953.582,4.326404,0,,,,,337.16068670819527,0.0004279217,878.497705699556,0.00041930025,0.0061645373,-0.03449533
1.0000476,0.0003618608,0,0.0016625002,337.1611513208096,878.4967800704344,1366,8506.078,3.1269796,509.33743,0.17351751,11953.072,4.3251424,0,,,,,337.1611513208096,0.00042817052,878.4967800704344,0.00041951332,0.0063785925,-0.03490898
0.99994093,0.0003618618,0,0.0016634521,337.1616171441285,878.4978869370323,1367,8505.684,3.12697,509.2687,0.1734186,11951.798,4.325155,0,,,,,337.1616171441285,0.00042802255,878.4978869370323,0.00041932517,0.006169477,-0.034709305
1.0000844,0.00036189242,0,0.0016644041,337.1615270999103,878.4979949420067,1368,8507.226,3.1270556,509.5706,0.17337486,11953.513,4.3255205,0,,,,,337.1615270999103,0.00042807643,878.4979949420067,0.00041945567,0.006229957,-0.034435496
1.000399,0.00036176827,0,0.0016653559,337.1615255911889,878.4976386786497,1369,8509.825,3.127435,509.75772,0.17352393,11957.273,4.3240366,0,,,,,337.1615255911889,0.00042745622,878.4976386786497,0.00041898215,0.006374237,-0.03457986
1.0001874,0.0003619794,0,0.0016663076,337.1606911692085,878.4984581188069,1370,8509.836,3.1273758,509.3922,0.17339869,11954.743,4.32656,0,,,,,337.1606911692085,0.00042797523,878.4984581188069,0.00041931722,0.0058839484,-0.033886306
1.0005314,0.00036214068,0,0.0016672591,337.1605599039891,878.4973228889475,1371,8510.643,3.1274292,509.8079,0.1735396,11958.855,4.328488,0,,,,,337.1605599039891,0.0004278551,878.4973228889475,0.00041922517,0.005992403,-0.03446686
0.99974746,0.00036201454,0,0.0016682106,337.1608659169362,878.4971346901328,1372,8505.658,3.1269336,509.44733,0.17360274,11949.485,4.32698,0,,,,,337.1608659169362,0.00042814965,878.4971346901328,0.0004194991,0.005767391,-0.034096345
0.99926347,0.0003618962,0,0.001669162,337.16102569712075,878.4971463821037,1373,8499.565,3.1263595,508.85565,0.1734707,11943.7,4.325566,0,,,,,337.16102569712075,0.00042818204,878.4971463821037,0.00041951967,0.006062134,-0.034654368
1.0008444,0.00036212284,0,0.0016701132,337.1614446480655,878.4974130918375,1374,8513.553,3.1275918,509.0478,0.17352079,11962.596,4.3282747,0,,,,,337.1614446480655,0.00042759918,878.4974130918375,0.00041898727,0.0059236423,-0.03463714
1.0001452,0.00036204673,0,0.0016710644,337.16171178684186,878.4982789785047,1375,8508.201,3.1271725,509.11377,0.17360024,11954.239,4.327365,0,,,,,337.16171178684186,0.000427901,878.4982789785047,0.00041923785,0.0060397135,-0.03439296
1.0002165,0.0003620578,0,0.0016720155,337.1606968991443,878.4971380798121,1376,8508.392,3.1272326,509.76205,0.17336552,11955.092,4.327497,0,,,,,337.1606968991443,0.0004280909,878.4971380798121,0.00041941812,0.0059888475,-0.034509946
0.99951214,0.00036178614,0,0.0016729664,337.16115203155425,878.4984046615377,1377,8504.373,3.1268702,509.9259,0.17350973,11946.673,4.32425,0,,,,,337.16115203155425,0.00042821083,878.4984046615377,0.00041949356,0.006300652,-0.033834755
0.9999785,0.00036188864,0,0.0016739173,337.16125538292886,878.4988698091711,1378,8507.428,3.1270866,509.28317,0.17336623,11952.247,4.325475,0,,,,,337.16125538292886,0.00042808973,878.4988698091711,0.00041942584,0.006242433,-0.03413274
1.0006727,0.0003619516,0,0.001674868,337.1611359397017,878.4986064454063,1379,8514.226,3.1278806,509.2344,0.17340894,11960.544,4.3262277,0,,,,,337.1611359397017,0.0004278816,878.4986064454063,0.00041929388,0.0057233353,-0.033873614
0.9999204,0.00036194667,0,0.0016758187,337.160868995014,878.4982937256049,1380,8508.077,3.1271265,509.3444,0.17346068,11951.553,4.326169,0,,,,,337.160868995014,0.00042796167,878.4982937256049,0.000419277,0.006084125,-0.034045707
0.99972534,0.00036176987,0,0.0016767692,337.16213258694114,878.4977167052863,1381,8504.765,3.1269162,509.60916,0.17355964,11949.221,4.3240557,0,,,,,337.16213258694114,0.00042799304,878.4977167052863,0.0004193904,0.0065746354,-0.034475476
1.0003635,0.00036192895,0,0.0016777196,337.16113997085773,878.4980404304605,1382,8511.913,3.1275902,509.94064,0.17372042,11956.849,4.3259573,0,,,,,337.16113997085773,0.00042782805,878.4980404304605,0.00041917316,0.006349695,-0.034075636
1.0004019,0.00036201856,0,0.0016786699,337.1617015432437,878.49803781979,1383,8510.906,3.1275003,508.98834,0.1734198,11957.308,4.3270283,0,,,,,337.1617015432437,0.00042802267,878.49803781979,0.00041943608,0.0062505296,-0.034460228
1.000414,0.00036186274,0,0.0016796202,337.1619607153035,878.4982220729044,1384,8512.289,3.1275315,509.35712,0.1735175,11957.452,4.3251657,0,,,,,337.1619607153035,0.0004277314,878.4982220729044,0.0004191441,0.0066638524,-0.034299962
0.9996166,0.00036182484,0,0.0016805703,337.1611626433318,878.4985588291138,1385,8505.991,3.1270325,509.0031,0.17339684,11947.922,4.3247128,0,,,,,337.1611626433318,0.00042813973,878.4985588291138,0.0004194789,0.00634369,-0.03396488
1.0001395,0.00036172924,0,0.0016815204,337.16204190177257,878.4990283659683,1386,8512.529,3.1275852,509.30234,0.17342858,11954.171,4.3235703,0,,,,,337.16204190177257,0.00042786548,878.4990283659683,0.00041932167,0.006515888,-0.03327432
1.0000538,0.0003620465,0,0.0016824702,337.16097544949827,878.4987208766167,1387,8511.07,3.1274717,508.71222,0.17349239,11953.146,4.327362,0,,,,,337.16097544949827,0.0004280419,878.4987208766167,0.00041938332,0.006521115,-0.033417907
1.0001715,0.00036196003,0,0.00168342,337.1615151753414,878.4988638123943,1388,8511.509,3.1274617,509.13162,0.1734924,11954.554,4.3263288,0,,,,,337.1615151753414,0.0004279324,878.4988638123943,0.00041927863,0.0066201417,-0.033683427
1.0001527,0.00036199743,0,0.0016843698,337.1610341540029,878.498745110025,1389,8510.837,3.1275017,509.1936,0.17350176,11954.329,4.3267756,0,,,,,337.1610341540029,0.00042815247,878.498745110025,0.00041948087,0.0062989937,-0.034012973
1.0001612,0.00036191675,0,0.0016853194,337.16170489185475,878.4985756051547,1390,8510.69,3.1273973,509.21924,0.17346308,11954.431,4.3258114,0,,,,,337.16170489185475,0.000427904,878.4985756051547,0.00041927968,0.0063545117,-0.034100424
0.99959016,0.00036187866,0,0.0016862688,337.1611049973566,878.4982675260596,1391,8506.103,3.1270814,509.13287,0.17350288,11947.605,4.325356,0,,,,,337.1611049973566,0.00042826158,878.4982675260596,0.0004195953,0.0064558075,-0.033944298
1.0002202,0.00036190954,0,0.0016881675,337.16162609524173,878.4985302689222,1393,8513.064,3.1275177,508.581,0.173464,11955.136,4.325725,0,,,,,337.16162609524173,0.0004277525,878.4985302689222,0.00041923142,0.0069406684,-0.033791516
0.99958456,0.00036183672,0,0.0016891167,337.16145997460717,878.4985772349005,1394,8507.686,3.1271265,508.926,0.173498,11947.538,4.324855,0,,,,,337.16145997460717,0.0004281075,878.4985772349005,0.00041946047,0.0066122245,-0.033573072
1.0002635,0.00036190683,0,0.0016900657,337.1612902407904,878.4992396053082,1395,8514.633,3.127916,509.24695,0.17338052,11955.653,4.3256927,0,,,,,337.1612902407904,0.00042804077,878.4992396053082,0.00041945282,0.006901794,-0.033295766
0.9999402,0.00036191603,0,0.0016910146,337.16100625372223,878.5006701100267,1396,8514.812,3.1279554,509.04376,0.17350388,11951.789,4.325803,0,,,,,337.16100625372223,0.00042799854,878.5006701100267,0.00041933023,0.0068803513,-0.032296475
1.0004576,0.00036195852,0,0.0016919635,337.16142944030616,878.4985657689806,1397,8517.634,3.1281164,508.8341,0.1734119,11957.974,4.3263106,0,,,,,337.16142944030616,0.00042771513,878.4985657689806,0.0004191059,0.0071165403,-0.03306313
1.0000856,0.0003619542,0,0.0016929123,337.1633358685375,878.4982997352116,1398,8515.352,3.1279263,509.8108,0.17346112,11953.526,4.326259,0,,,,,337.1633358685375,0.0004277478,878.4982997352116,0.00041996603,0.0069560762,-0.033102993
0.99958944,0.00036204868,0,0.0016938609,337.16145523306204,878.4993742846686,1399,8511.059,3.127341,508.8142,0.17336573,11947.597,4.3273883,0,,,,,337.16145523306204,0.00042770786,878.4993742846686,0.0004191397,0.006452004,-0.032960363
1.0004084,0.00036186856,0,0.0016948094,337.16088679823247,878.5006911701331,1400,8519.265,3.128385,509.00104,0.17348221,11957.386,4.3252354,0,,,,,337.16088679823247,0.00042800655,878.5006911701331,0.000419326,0.006498491,-0.032247983
1.0001994,0.0003621508,0,0.0016957578,337.1608804772246,878.4999779917723,1401,8514.121,3.1277127,509.0556,0.17344965,11954.888,4.328609,0,,,,,337.1608804772246,0.00042777543,878.4999779917723,0.00041912548,0.0061104377,-0.033037335
1.0006015,0.00036209304,0,0.0016967062,337.16088348062556,878.4996036748512,1402,8518.889,3.1282842,508.50705,0.17350419,11959.694,4.3279185,0,,,,,337.16088348062556,0.0004274961,878.4996036748512,0.00041887612,0.006430576,-0.03283566
1.0001321,0.00036188192,0,0.0016976544,337.161379807142,878.4995303459452,1403,8514.745,3.127889,509.55487,0.17338799,11954.082,4.325395,0,,,,,337.161379807142,0.0004280205,878.4995303459452,0.0004193798,0.00668062,-0.033003494
0.99950045,0.0003620588,0,0.0016986025,337.1616757990269,878.4992361214273,1404,8510.439,3.1273975,509.05353,0.17359614,11946.533,4.3275094,0,,,,,337.1616757990269,0.00042805704,878.4992361214273,0.00041943154,0.006669987,-0.032594107
1.0005094,0.0003619041,0,0.0016995505,337.1608853800275,878.4999874858088,1405,8520.419,3.128366,509.04648,0.17356867,11958.593,4.32566,0,,,,,337.1608853800275,0.00042779546,878.4999874858088,0.00041920666,0.0065006856,-0.032239757
1.0003518,0.0003619962,0,0.0017004984,337.16062889577114,878.5003380321015,1406,8519.863,3.1283193,508.88568,0.17342511,11956.709,4.3267612,0,,,,,337.16062889577114,0.00042809494,878.5003380321015,0.0004193967,0.006748484,-0.032165274
1.0004656,0.0003618893,0,0.0017014461,337.16146406311094,878.5005465762766,1407,8521.576,3.128546,509.22263,0.17353483,11958.069,4.3254833,0,,,,,337.16146406311094,0.00042803944,878.5005465762766,0.0004194807,0.006656719,-0.03195155
1.0001339,0.00036195558,0,0.0017023939,337.1608164527581,878.5002379658569,1408,8517.989,3.1281447,508.52237,0.17344588,11954.1045,4.3262753,0,,,,,337.1608164527581,0.00042773178,878.5002379658569,0.0004191138,0.0063808793,-0.032357372
1.0003487,0.00036195456,0,0.0017033414,337.16090367844004,878.5004883990214,1409,8521.268,3.128433,509.43985,0.17344743,11956.672,4.3262634,0,,,,,337.16090367844004,0.00042791938,878.5004883990214,0.00041935302,0.0064982185,-0.03180347
1.0002879,0.00036220538,0,0.0017042889,337.1614312193142,878.5005118180218,1410,8520.887,3.1283977,509.3832,0.17345211,11955.945,4.3292613,0,,,,,337.1614312193142,0.00042790457,878.5005118180218,0.00041929222,0.006317531,-0.03165307
1.000521,0.00036216973,0,0.0017052362,337.16056385511195,878.500657990741,1411,8522.905,3.1287203,508.62238,0.1735287,11958.73,4.328835,0,,,,,337.16056385511195,0.0004277638,878.500657990741,0.0004191326,0.00645342,-0.03184716
1.0000557,0.00036221443,0,0.0017061834,337.16038506418954,878.5005603812381,1412,8517.951,3.1280942,508.71198,0.17338386,11953.17,4.3293695,0,,,,,337.16038506418954,0.00042798294,878.5005603812381,0.0004193043,0.0060488074,-0.031780392
0.99976546,0.00036197522,0,0.0017071306,337.16111682487684,878.4999537711202,1413,8514.958,3.1277838,508.51495,0.17344382,11949.7,4.3265104,0,,,,,337.16111682487684,0.00042793708,878.4999537711202,0.00041931344,0.0058939587,-0.031913597
0.9997505,0.00036213285,0,0.0017080776,337.16033255334935,878.5020454832382,1414,8518.236,3.1281397,509.11917,0.17332815,11949.521,4.3283944,0,,,,,337.16033255334935,0.0004280533,878.5020454832382,0.00041933227,0.0059411507,-0.031083768
0.9997693,0.000362203,0,0.0017090245,337.1611165119495,878.5017983578662,1415,8517.163,3.1280663,508.82297,0.17340752,11949.746,4.3292327,0,,,,,337.1611165119495,0.00042813586,878.5017983578662,0.00041943946,0.00580506,-0.031294137
0.99956167,0.00036191483,0,0.0017099713,337.16133652900226,878.5010263550819,1416,8516.135,3.1279716,509.12878,0.17353782,11947.265,4.3257885,0,,,,,337.16133652900226,0.00042803065,878.5010263550819,0.00041951146,0.0057157,-0.031011464
0.9993959,0.0003620345,0,0.001710918,337.1605001783669,878.5019553579908,1417,8514.934,3.1278079,509.12274,0.17330772,11945.283,4.327219,0,,,,,337.1605001783669,0.00042823225,878.5019553579908,0.00041951152,0.005466308,-0.031210708
1.0005862,0.00036227834,0,0.0017118646,337.1604677120334,878.5016492082462,1418,8527.458,3.1291597,508.38354,0.17324495,11959.51,4.3301334,0,,,,,337.1604677120334,0.000427804,878.5016492082462,0.00041912412,0.0054828925,-0.030615978
0.9998563,0.00036220148,0,0.0017128111,337.1604492977322,878.501558346395,1419,8520.823,3.1284337,508.32242,0.17354545,11950.786,4.3292146,0,,,,,337.1604492977322,0.00042772514,878.501558346395,0.0004190842,0.005500341,-0.030839581
0.99948084,0.00036202537,0,0.0017137575,337.1601862148866,878.5024276675035,1420,8519.006,3.1282165,508.6602,0.17337029,11946.299,4.32711,0,,,,,337.1601862148866,0.0004284189,878.5024276675035,0.00041965433,0.005444788,-0.030487297
1.0003064,0.00036213582,0,0.0017147037,337.159935131984,878.5019597534596,1421,8526.593,3.1288393,508.3303,0.1735358,11956.166,4.3284297,0,,,,,337.159935131984,0.00042757698,878.5019597534596,0.00041890322,0.0053538717,-0.03037558
1.0002081,0.0003618319,0,0.0017156499,337.1602082072702,878.5018922368462,1422,8525.813,3.1288333,508.3915,0.17337255,11954.991,4.324797,0,,,,,337.1602082072702,0.0004279191,878.5018922368462,0.00041915302,0.00500428,-0.030158779
1.0001614,0.00036202607,0,0.001716596,337.15975989665003,878.5029885340034,1423,8525.043,3.1288626,508.6606,0.17353775,11954.433,4.327118,0,,,,,337.15975989665003,0.00042824392,878.5029885340034,0.00041940637,0.005009124,-0.030059475
0.9998132,0.0003617445,0,0.0017175418,337.16113358769155,878.5020189340523,1424,8519.963,3.1282723,508.67532,0.17345859,11950.271,4.3237524,0,,,,,337.16113358769155,0.00042794488,878.5020189340523,0.00041923157,0.00544487,-0.030338328
1.0003644,0.00036218468,0,0.0017184877,337.1603409077967,878.5019839184907,1425,8527.383,3.1289754,508.17355,0.17342363,11956.86,4.329014,0,,,,,337.1603409077967,0.00042806406,878.5019839184907,0.00041940683,0.005558282,-0.029919632
1.0002692,0.00036202522,0,0.0017194335,337.1598366645529,878.5032808002703,1426,8527.03,3.129111,508.67395,0.17355001,11955.722,4.327108,0,,,,,337.1598366645529,0.0004278823,878.5032808002703,0.00041912158,0.0052484823,-0.029917654
1.0003933,0.00036187665,0,0.001720379,337.16062890587,878.503738609659,1427,8528.326,3.1291125,508.32074,0.17348742,11957.204,4.325332,0,,,,,337.16062890587,0.00042768745,878.503738609659,0.00041899664,0.0053086774,-0.029625796
1.0008489,0.00036201574,0,0.0017213245,337.1601232429439,878.5034634691748,1428,8533.468,3.1295192,508.1378,0.1733761,11962.65,4.3269944,0,,,,,337.1601232429439,0.00042757922,878.5034634691748,0.0004188894,0.0056727184,-0.029497782
0.9994377,0.00036209947,0,0.0017222699,337.16083424365627,878.5018906827022,1429,8519.386,3.1280494,508.12683,0.17350861,11945.783,4.3279953,0,,,,,337.16083424365627,0.0004280478,878.5018906827022,0.00041941175,0.0058144787,-0.029996328
0.99946266,0.00036217563,0,0.0017232152,337.1606998163636,878.5032671832573,1430,8521.649,3.128399,508.42365,0.17350705,11946.081,4.3289056,0,,,,,337.1606998163636,0.00042804357,878.5032671832573,0.00041953367,0.006365845,-0.029643944
0.99991536,0.0003620054,0,0.0017241604,337.16065435405034,878.5038151503664,1431,8524.865,3.128726,508.18765,0.17337036,11951.492,4.326871,0,,,,,337.16065435405034,0.0004279219,878.5038151503664,0.00041922514,0.006209793,-0.029828092
1.0001658,0.00036197694,0,0.0017251055,337.16048799792003,878.5024468825939,1432,8526.776,3.129021,507.89136,0.17342861,11954.486,4.326531,0,,,,,337.16048799792003,0.00042800765,878.5024468825939,0.00041932357,0.0065926556,-0.030211423
0.9989279,0.00036184012,0,0.0017260504,337.16046692298573,878.5021546144326,1433,8515.672,3.1278331,508.34552,0.17351708,11939.689,4.3248954,0,,,,,337.16046692298573,0.00042825713,878.5021546144326,0.00041959487,0.006666044,-0.030437456
1.0002637,0.00036213122,0,0.0017269952,337.1610668084352,878.5027533470494,1434,8528.333,3.1289473,508.16522,0.17346358,11955.655,4.328375,0,,,,,337.1610668084352,0.00042775166,878.5027533470494,0.000419129,0.00642861,-0.030016989
0.999768,0.00036212167,0,0.0017279399,337.16153054185514,878.5021807417288,1435,8522.059,3.128478,508.2161,0.17349789,11949.731,4.328261,0,,,,,337.16153054185514,0.00042815696,878.5021807417288,0.00041955503,0.0063906,-0.030375848
1.0001609,0.0003621836,0,0.0017288846,337.1601977328255,878.5024514655755,1436,8526.073,3.1289108,508.0872,0.17356253,11954.428,4.329001,0,,,,,337.1601977328255,0.00042832416,878.5024514655755,0.0004196151,0.006259051,-0.030334853
1.0002968,0.00036206268,0,0.0017298291,337.1609977776561,878.5019024676529,1437,8527.033,3.1290293,508.12582,0.17342415,11956.052,4.3275557,0,,,,,337.1609977776561,0.00042775998,878.5019024676529,0.00041914327,0.007072087,-0.030493423
1.00034,0.00036205526,0,0.0017307735,337.16055887016137,878.502120184146,1438,8527.655,3.1289754,507.89114,0.17350179,11956.567,4.327467,0,,,,,337.16055887016137,0.0004277212,878.502120184146,0.00041904926,0.0068316697,-0.03046654
0.9997387,0.00036192322,0,0.0017317177,337.16121298936974,878.5033790284715,1439,8523.683,3.128741,507.98425,0.17351125,11949.381,4.3258886,0,,,,,337.16121298936974,0.00042794057,878.5033790284715,0.00041928884,0.007167209,-0.030010164
1.0004915,0.0003621873,0,0.001732662,337.1607331846699,878.5024862914034,1440,8530.287,3.1292384,508.07166,0.17330459,11958.379,4.3290453,0,,,,,337.1607331846699,0.00042773335,878.5024862914034,0.0004190877,0.007149436,-0.03022873
1.0001596,0.00036192706,0,0.001733606,337.160657848558,878.5028433696067,1441,8529.496,3.1291487,508.1118,0.1735979,11954.412,4.3259344,0,,,,,337.160657848558,0.00042765617,878.5028433696067,0.00041898232,0.007006169,-0.029486768
1.0000424,0.00036194152,0,0.00173455,337.1605573188792,878.5030794643328,1442,8527.131,3.1289368,508.00864,0.17352346,11953.011,4.3261075,0,,,,,337.1605573188792,0.00042812809,878.5030794643328,0.00041948337,0.00698559,-0.029971773
1.0005723,0.00036170156,0,0.0017354938,337.16084812279684,878.5025675770482,1443,8531.699,3.1293561,508.26315,0.17336363,11959.345,4.3232393,0,,,,,337.16084812279684,0.00042771365,878.5025675770482,0.00041911172,0.0072605205,-0.030135239
1.0002716,0.0003619644,0,0.0017364376,337.1604361472797,878.502748101638,1444,8528.853,3.1290057,507.31577,0.17343903,11955.75,4.3263807,0,,,,,337.1604361472797,0.00042794258,878.502748101638,0.00041930398,0.0068500806,-0.030027378
1.0006382,0.00036213355,0,0.0017373812,337.16072394199557,878.5030408123722,1445,8533.432,3.1293788,507.45892,0.17373355,11960.133,4.3284025,0,,,,,337.16072394199557,0.00042779866,878.5030408123722,0.00041919542,0.006746152,-0.029797116
0.9999267,0.0003622442,0,0.0017383246,337.16017102607543,878.502311040407,1446,8528.258,3.1291287,507.67038,0.1735558,11951.628,4.3297253,0,,,,,337.16017102607543,0.00042795716,878.502311040407,0.0004193045,0.0065919724,-0.029471423
0.9995494,0.00036219618,0,0.0017392681,337.1608984231074,878.5024048543553,1447,8524.539,3.1286786,507.621,0.17348063,11947.118,4.329151,0,,,,,337.1608984231074,0.00042784316,878.5024048543553,0.00041925,0.006822402,-0.029588548
1.0002201,0.00036215453,0,0.0017402114,337.1600638615066,878.5035179886055,1448,8528.992,3.1292045,507.83453,0.17328064,11955.135,4.3286533,0,,,,,337.1600638615066,0.00042796734,878.5035179886055,0.0004192979,0.0063865045,-0.029668007
0.9999897,0.00036220855,0,0.0017411546,337.1601238826493,878.5019148225526,1449,8525.529,3.1288142,507.81168,0.1735304,11952.381,4.329299,0,,,,,337.1601238826493,0.00042795224,878.5019148225526,0.00041929985,0.006533842,-0.030233573
0.99989593,0.00036214842,0,0.0017420977,337.1599501235879,878.5031170474444,1450,8528.399,3.1290658,507.32626,0.17347047,11951.26,4.3285804,0,,,,,337.1599501235879,0.00042803085,878.5031170474444,0.00041943093,0.0067453743,-0.029372318
0.99987257,0.00036208742,0,0.0017430405,337.16043480839977,878.5036529995639,1451,8528.7,3.1289756,507.73047,0.17358252,11950.98,4.3278513,0,,,,,337.16043480839977,0.00042781758,878.5036529995639,0.0004191949,0.0065619526,-0.029114662
1.0003955,0.00036222395,0,0.0017439834,337.1608465318968,878.503495791754,1452,8531.53,3.12935,507.36374,0.1735729,11957.231,4.329483,0,,,,,337.1608465318968,0.00042772488,878.503495791754,0.0004191475,0.0064411643,-0.029265862
1.000751,0.0003622462,0,0.0017449261,337.16051226437907,878.5038821675427,1453,8536.424,3.1296043,507.1951,0.17350957,11961.48,4.329749,0,,,,,337.16051226437907,0.00042748603,878.5038821675427,0.0004188848,0.006874716,-0.029117387
1.000293,0.00036211498,0,0.0017458687,337.1604869270724,878.5028103847621,1454,8532.011,3.1293433,507.8374,0.1734497,11956.007,4.328181,0,,,,,337.1604869270724,0.0004277307,878.5028103847621,0.00041904152,0.006778075,-0.02936896
0.99967873,0.0003620743,0,0.0017468112,337.1608781405598,878.5044438663214,1455,8528.901,3.1291146,507.86282,0.1734449,11948.664,4.3276944,0,,,,,337.1608781405598,0.00042796767,878.5044438663214,0.00041929804,0.0068178116,-0.028773393
1.0000913,0.00036210765,0,0.0017477537,337.16098250845596,878.5035421456961,1456,8531.03,3.129389,507.44714,0.17346936,11953.595,4.328093,0,,,,,337.16098250845596,0.0004275662,878.5035421456961,0.00041900648,0.0064753466,-0.029197656
1.0002478,0.00036226088,0,0.001748696,337.15993731374505,878.5046200452116,1457,8534.276,3.1297922,508.36887,0.17336091,11955.467,4.3299246,0,,,,,337.15993731374505,0.00042790174,878.5046200452116,0.00041918817,0.006669582,-0.02847051
1.0006951,0.0003621312,0,0.0017496381,337.1611242446321,878.5040455484809,1458,8537.842,3.129928,506.82877,0.17352891,11960.8125,4.3283744,0,,,,,337.1611242446321,0.00042752622,878.5040455484809,0.00041888235,0.0069645415,-0.02880207
1.0005909,0.0003621319,0,0.0017505802,337.16040048708015,878.5041877254545,1459,8537.284,3.1299276,507.77197,0.1734926,11959.567,4.328383,0,,,,,337.16040048708015,0.000427715,878.5041877254545,0.00041907272,0.006921683,-0.028751373
0.9994197,0.000361851,0,0.0017515221,337.1617592947722,878.5039082265329,1460,8526.633,3.1289246,507.58603,0.17350693,11945.567,4.3250256,0,,,,,337.1617592947722,0.00042800294,878.5039082265329,0.00041939373,0.00704671,-0.028893566
1.0006901,0.00036218105,0,0.0017524639,337.16004074021083,878.503917019566,1461,8536.721,3.1298134,507.4629,0.17346404,11960.752,4.3289704,0,,,,,337.16004074021083,0.00042772928,878.503917019566,0.0004191168,0.006997919,-0.029182116
1.0003827,0.00036207237,0,0.0017534057,337.1612221569294,878.5045817649037,1462,8534.506,3.1295836,508.1623,0.17346065,11957.078,4.3276715,0,,,,,337.1612221569294,0.0004277719,878.5045817649037,0.00041911795,0.007128539,-0.028838245
0.9998935,0.00036233864,0,0.0017543472,337.1595737789522,878.5040907736933,1463,8530.392,3.1292186,507.06393,0.17342186,11951.23,4.330854,0,,,,,337.1595737789522,0.00042796784,878.5040907736933,0.0004192969,0.006656655,-0.028972622
0.9995855,0.00036222494,0,0.0017552887,337.16010522738617,878.5031416055101,1464,8527.47,3.1289973,507.31198,0.173478,11947.55,4.329495,0,,,,,337.16010522738617,0.00042816636,878.5031416055101,0.0004195607,0.006725247,-0.028878689
1.0002079,0.00036230162,0,0.0017562301,337.16072281468234,878.5034418888472,1465,8531.186,3.1292899,507.66263,0.17330134,11954.989,4.3304114,0,,,,,337.16072281468234,0.00042775544,878.5034418888472,0.00041915194,0.0068347054,-0.029421885
1.0001359,0.0003622512,0,0.0017571714,337.1605783453159,878.5035951420082,1466,8532.043,3.1293116,507.30954,0.1734157,11954.128,4.3298087,0,,,,,337.1605783453159,0.00042773611,878.5035951420082,0.0004191333,0.00680276,-0.02906122
1.0002193,0.00036223544,0,0.0017581125,337.1602906791721,878.5043743317259,1467,8533.449,3.1295395,507.25006,0.17336357,11955.125,4.3296204,0,,,,,337.1602906791721,0.00042788457,878.5043743317259,0.0004192021,0.0067121745,-0.028840931
0.99985415,0.00036207182,0,0.0017590536,337.1611757195659,878.5038047710012,1468,8530.435,3.1292787,507.0175,0.17336841,11950.761,4.327665,0,,,,,337.1611757195659,0.000427576,878.5038047710012,0.00041897158,0.0068226713,-0.02890986
0.99957794,0.00036220596,0,0.0017599944,337.1605125005725,878.5044346040795,1469,8528.666,3.1289918,506.62897,0.17350735,11947.459,4.329268,0,,,,,337.1605125005725,0.00042768396,878.5044346040795,0.000419007,0.006727266,-0.028787667
0.9998404,0.000362193,0,0.0017609353,337.16144812496924,878.5031882760649,1470,8528.871,3.1290715,507.28925,0.17332755,11950.596,4.3291135,0,,,,,337.16144812496924,0.0004277789,878.5031882760649,0.00041922418,0.0065688137,-0.029183311
0.9997188,0.00036213745,0,0.0017618759,337.15984678660857,878.5036856841633,1471,8530.17,3.1293151,507.5673,0.17333601,11949.143,4.3284492,0,,,,,337.15984678660857,0.00042807424,878.5036856841633,0.00041944315,0.006727758,-0.028739158
0.9998182,0.00036217997,0,0.0017628166,337.15929073487564,878.5033429025144,1472,8529.604,3.129147,506.89676,0.17344637,11950.331,4.3289576,0,,,,,337.15929073487564,0.0004280706,878.5033429025144,0.00041935052,0.006693107,-0.028967516
0.9995985,0.00036221847,0,0.001763757,337.16101386066657,878.5041263984707,1473,8528.751,3.1291223,508.06143,0.17348155,11947.705,4.3294177,0,,,,,337.16101386066657,0.00042820556,878.5041263984707,0.00041959903,0.0064835786,-0.028508594
1.0000201,0.00036232674,0,0.0017646974,337.1599756984865,878.5037374837278,1474,8531.233,3.129372,507.19946,0.1734134,11952.744,4.330712,0,,,,,337.1599756984865,0.00042826595,878.5037374837278,0.00041966324,0.006378385,-0.028864387
0.99987006,0.0003618319,0,0.0017656375,337.16168259302276,878.5030620026894,1475,8531.189,3.1293385,507.19788,0.17336598,11950.951,4.324797,0,,,,,337.16168259302276,0.0004280996,878.5030620026894,0.00041968081,0.00674376,-0.028813269
1.0002419,0.00036237924,0,0.0017665777,337.1624438853755,878.5021217761152,1476,8534.362,3.1296253,506.7798,0.17349516,11955.395,4.3313394,0,,,,,337.1624438853755,0.0004284563,878.5021217761152,0.00041999045,0.0062057404,-0.028770946
1.0001191,0.00036242005,0,0.0017675176,337.16281234351345,878.5020945105128,1477,8533.945,3.1294324,506.5182,0.17366263,11953.927,4.331827,0,,,,,337.16281234351345,0.00042854034,878.5020945105128,0.00042010096,0.006191567,-0.02855211
0.99953693,0.00036223957,0,0.0017684576,337.1635956948335,878.5026519125721,1478,8528.828,3.1290178,506.7186,0.17333865,11946.969,4.32967,0,,,,,337.1635956948335,0.0004290035,878.5026519125721,0.00042057133,0.0063602068,-0.02848321
1.0000168,0.00036237127,0,0.0017693974,337.16335746943275,878.5011962512933,1479,8533.184,3.1294127,506.57523,0.17346609,11952.705,4.331244,0,,,,,337.16335746943275,0.00042837425,878.5011962512933,0.00042009275,0.006340253,-0.028377473
1.0000892,0.0003622078,0,0.001770337,337.1634779638646,878.5018268021853,1480,8533.979,3.1295412,506.57898,0.17348978,11953.569,4.32929,0,,,,,337.1634779638646,0.00042865577,878.5018268021853,0.00042027322,0.006110981,-0.028296724
0.999682,0.00036220645,0,0.0017712766,337.16336902821956,878.5015104463179,1481,8530.935,3.1291683,506.3331,0.17351954,11948.703,4.329274,0,,,,,337.16336902821956,0.00042874183,878.5015104463179,0.0004203605,0.0062119463,-0.028457364
0.9990727,0.00036240526,0,0.001772216,337.1627147287205,878.5020908676049,1482,8526.441,3.1288068,506.58704,0.1734775,11941.42,4.3316503,0,,,,,337.1627147287205,0.00042888892,878.5020908676049,0.00042047625,0.0060779317,-0.0281387
0.9998783,0.00036235983,0,0.0017731553,337.1640923262321,878.5019647124416,1483,8533.288,3.129393,506.96176,0.17341702,11951.049,4.331107,0,,,,,337.1640923262321,0.00042860533,878.5019647124416,0.00042021053,0.006455075,-0.028264927
1.0004925,0.00036242156,0,0.0017740945,337.16250759579543,878.5027269904316,1484,8538.653,3.129893,507.2879,0.17339762,11958.39,4.3318453,0,,,,,337.16250759579543,0.000428442,878.5027269904316,0.00041995847,0.0060823103,-0.028195094
0.9997027,0.0003621964,0,0.0017750337,337.1618800006818,878.5044478961698,1485,8532.224,3.1294117,506.60165,0.17328712,11948.95,4.329154,0,,,,,337.1618800006818,0.00042854203,878.5044478961698,0.00042000395,0.0060224123,-0.028105585
0.9993589,0.0003621934,0,0.0017759725,337.16085854524437,878.502792356537,1486,8529.026,3.1290905,506.5083,0.1732007,11944.841,4.329118,0,,,,,337.16085854524437,0.00042825687,878.502792356537,0.00041978116,0.0062718964,-0.028142018
0.9993854,0.00036212604,0,0.0017769114,337.1604544586069,878.5042457559543,1487,8528.785,3.1289384,506.85617,0.17343605,11945.158,4.328313,0,,,,,337.1604544586069,0.00042802893,878.5042457559543,0.00041939577,0.005940104,-0.028239729
1.0007558,0.00036231885,0,0.0017778502,337.1595846533434,878.5049196856661,1488,8541.207,3.1301572,506.755,0.17348863,11961.537,4.3306174,0,,,,,337.1595846533434,0.00042766277,878.5049196856661,0.00041895683,0.00612079,-0.028237317
1.0003808,0.00036213457,0,0.0017787887,337.1599702614586,878.5048945772053,1489,8538.483,3.1299636,507.06088,0.17356874,11957.055,4.328415,0,,,,,337.1599702614586,0.00042762535,878.5048945772053,0.00041900037,0.0063662822,-0.028028185
0.99973446,0.0003622024,0,0.0017797273,337.15999237970095,878.5045818512683,1490,8531.081,3.1293273,507.46417,0.17329657,11949.33,4.3292255,0,,,,,337.15999237970095,0.00042792503,878.5045818512683,0.00041930788,0.005968216,-0.028362019
0.9995427,0.000362305,0,0.0017806657,337.1600291420339,878.5044962299907,1491,8530.621,3.129197,506.85123,0.17326842,11947.038,4.330452,0,,,,,337.1600291420339,0.00042823795,878.5044962299907,0.0004196381,0.005961384,-0.028080758
1.000287,0.0003623135,0,0.001781604,337.1593827868567,878.5041401416422,1492,8537.51,3.1298747,506.71954,0.17342496,11955.935,4.3305535,0,,,,,337.1593827868567,0.00042779767,878.5041401416422,0.000419137,0.0055404226,-0.028050162
1.0003332,0.0003624552,0,0.0017825421,337.159525674354,878.5050731002011,1493,8538.638,3.1298125,506.3158,0.17343417,11956.486,4.3322473,0,,,,,337.159525674354,0.0004276179,878.5050731002011,0.00041895595,0.0056804693,-0.027749032
1.000459,0.000362396,0,0.0017834802,337.16107031893796,878.5054549018693,1494,8539.781,3.130143,506.4959,0.1733924,11957.989,4.3315396,0,,,,,337.16107031893796,0.00042776417,878.5054549018693,0.00041913404,0.005891289,-0.027710138
1.0003833,0.0003623022,0,0.0017844181,337.1604161666779,878.5048242320157,1495,8538.931,3.12991,507.06424,0.17341734,11957.085,4.3304186,0,,,,,337.1604161666779,0.0004278129,878.5048242320157,0.00041908084,0.006082031,-0.028165868
1.0003086,0.00036238684,0,0.0017853559,337.16038534572624,878.5054527879547,1496,8538.536,3.129973,506.38467,0.1734531,11956.193,4.33143,0,,,,,337.16038534572624,0.00042744758,878.5054527879547,0.00041882115,0.00560967,-0.027736723
1.0001049,0.0003624297,0,0.0017862936,337.1600454575049,878.5047846099898,1497,8536.056,3.1295536,506.72546,0.17341852,11953.758,4.3319426,0,,,,,337.1600454575049,0.0004278047,878.5047846099898,0.00041916085,0.0055051083,-0.027788874
1.0006061,0.00036236655,0,0.0017872312,337.1603256928482,878.5062285392994,1498,8542.062,3.1302907,506.02612,0.17351636,11959.748,4.3311877,0,,,,,337.1603256928482,0.00042767773,878.5062285392994,0.00041891102,0.0052980054,-0.027336849
1.0001832,0.00036215963,0,0.0017881687,337.15962576454757,878.5055090177256,1499,8537.7,3.1297994,506.61508,0.1734357,11954.693,4.3287144,0,,,,,337.15962576454757,0.0004277755,878.5055090177256,0.00041903113,0.005051769,-0.027405184
1.0006213,0.00036232464,0,0.0017891059,337.15983914179395,878.5061055565623,1500,8543.7705,3.1303923,505.8371,0.17361596,11959.93,4.3306866,0,,,,,337.15983914179395,0.00042745232,878.5061055565623,0.00041874903,0.004994356,-0.026963366
1.0006537,0.0003622035,0,0.0017900432,337.1592071395364,878.5063551272125,1501,8543.652,3.1317427,506.5663,0.17346278,11960.317,4.3292384,0,,,,,337.1592071395364,0.00042755713,878.5063551272125,0.00041888573,0.0043977285,-0.026921932
1.0002128,0.00036233748,0,0.0017909803,337.15920913587695,878.506420304144,1502,8540.42,3.13158,506.27405,0.17346342,11955.048,4.33084,0,,,,,337.15920913587695,0.00042794328,878.506420304144,0.00041932563,0.0045923945,-0.026858175
0.9997411,0.00036178777,0,0.0017919173,337.1577997905226,878.506227449506,1503,8534.788,3.129544,506.29456,0.17337564,11949.409,4.32427,0,,,,,337.1577997905226,0.00042802154,878.506227449506,0.0004192258,0.004168229,-0.02680042
1.0001045,0.00036195514,0,0.0017928542,337.15872621978514,878.5057632631286,1504,8537.44,3.1298385,505.99948,0.1735465,11953.753,4.32627,0,,,,,337.15872621978514,0.00042782823,878.5057632631286,0.00041904932,0.0038296315,-0.026963053
1.0000664,0.0003620319,0,0.001793791,337.1590249325017,878.5058818083379,1505,8537.432,3.131306,506.4366,0.17337759,11953.298,4.3271875,0,,,,,337.1590249325017,0.00042775337,878.5058818083379,0.0004190385,0.0038620848,-0.026828844
0.99965596,0.00036166984,0,0.0017947276,337.1590573769062,878.5057219758319,1506,8533.556,3.129378,506.6772,0.17339858,11948.392,4.3228602,0,,,,,337.1590573769062,0.00042804508,878.5057219758319,0.00041933928,0.0038532934,-0.026873246
1.0002346,0.00036216716,0,0.0017956641,337.1590707281658,878.5062919462057,1507,8539.625,3.1314101,506.52573,0.1733622,11955.309,4.3288045,0,,,,,337.1590707281658,0.00042765992,878.5062919462057,0.00041892484,0.003906486,-0.026589977
1.0011162,0.0003619559,0,0.0017966005,337.1586111321921,878.5068104962713,1508,8546.467,3.1306772,506.16486,0.17346418,11965.845,4.326279,0,,,,,337.1586111321921,0.00042745814,878.5068104962713,0.00041868683,0.0041567707,-0.026859958
1.0010011,0.00036253856,0,0.0017975369,337.1594761547917,878.5074691208781,1509,8546.937,3.1334777,506.0634,0.17346393,11964.47,4.3332434,0,,,,,337.1594761547917,0.00042746527,878.5074691208781,0.00041873654,0.0041699554,-0.026482671
1.0000402,0.00036184047,0,0.001798473,337.15934025966783,878.5058213321112,1510,8538.321,3.1298027,506.3741,0.17329505,11952.984,4.3248997,0,,,,,337.15934025966783,0.0004278545,878.5058213321112,0.00041916448,0.004080329,-0.026886305
1.0002552,0.0003616274,0,0.001799409,337.1590304257709,878.5060787441254,1511,8539.083,3.1299648,505.99673,0.17330603,11955.555,4.322353,0,,,,,337.1590304257709,0.00042776635,878.5060787441254,0.00041902077,0.0040450892,-0.027239801
1.0004058,0.00036226123,0,0.0018003449,337.15984232417463,878.5060861449613,1512,8540.187,3.1300933,506.20386,0.17351013,11957.354,4.329929,0,,,,,337.15984232417463,0.00042764898,878.5060861449613,0.00041891044,0.004600236,-0.027308045
1.0000979,0.00036190104,0,0.0018012808,337.15988182698754,878.5061674156117,1513,8538.249,3.1298053,506.036,0.17344676,11953.674,4.3256235,0,,,,,337.15988182698754,0.00042768236,878.5061674156117,0.0004189714,0.0048177657,-0.027358003
0.9998669,0.00036196853,0,0.0018022164,337.1594467469606,878.5053869711735,1514,8535.252,3.129565,506.1144,0.17346364,11950.913,4.3264303,0,,,,,337.1594467469606,0.00042791085,878.5053869711735,0.00041919216,0.005033197,-0.027463706
1.0003468,0.0003621342,0,0.001803152,337.1591793748515,878.5056638862644,1515,8539.19,3.129994,506.1167,0.17350262,11956.649,4.32841,0,,,,,337.1591793748515,0.0004278877,878.5056638862644,0.00041917042,0.0052391067,-0.027672607
1.0001295,0.00036228108,0,0.0018040875,337.1593010941552,878.5057998088766,1516,8538.895,3.129927,506.10074,0.1733487,11954.051,4.330166,0,,,,,337.1593010941552,0.00042781918,878.5057998088766,0.00041914775,0.005312432,-0.027200826
0.9996703,0.0003620247,0,0.0018050228,337.16012461456484,878.506467791184,1517,8534.566,3.1295092,506.14987,0.173259,11948.563,4.3271017,0,,,,,337.16012461456484,0.00042781985,878.506467791184,0.00041907604,0.0050723837,-0.027343035
0.9999153,0.00036222494,0,0.0018059581,337.15969527809085,878.5057963989603,1518,8536.451,3.129669,505.67703,0.17355517,11951.491,4.329495,0,,,,,337.15969527809085,0.0004279344,878.5057963989603,0.00041931547,0.0054370253,-0.027454391
1.0001627,0.00036197843,0,0.0018068932,337.1586951376232,878.5055231508196,1519,8537.985,3.1298842,506.52725,0.17326938,11954.448,4.3265486,0,,,,,337.1586951376232,0.00042791764,878.5055231508196,0.0004191697,0.0049411003,-0.027468614
0.99927163,0.0003622595,0,0.0018078281,337.1594951992122,878.5055060219621,1520,8531.868,3.129208,506.16077,0.17345193,11943.798,4.3299084,0,,,,,337.1594951992122,0.0004281218,878.5055060219621,0.00041941338,0.0053217616,-0.027357997
0.99977636,0.0003621634,0,0.001808763,337.159223354566,878.5058595901764,1521,8536.817,3.129659,506.44354,0.17333108,11949.831,4.3287597,0,,,,,337.159223354566,0.00042795268,878.5058595901764,0.00041928614,0.0054015517,-0.026973518
1.0001397,0.00036226137,0,0.0018096977,337.1596972075933,878.507213082597,1522,8539.337,3.1299498,505.78598,0.17355846,11954.174,4.3299303,0,,,,,337.1596972075933,0.0004276928,878.507213082597,0.00041898552,0.005362073,-0.027084181
1.0000378,0.00036224406,0,0.0018106324,337.1594546091631,878.5059426063252,1523,8538.573,3.1297011,505.9649,0.17346989,11952.956,4.3297234,0,,,,,337.1594546091631,0.00042765512,878.5059426063252,0.00041899484,0.0054560034,-0.027149133
1.0008007,0.00036223885,0,0.0018115669,337.15958005225383,878.5060843034121,1524,8544.571,3.1304765,505.9954,0.17335749,11962.075,4.3296614,0,,,,,337.15958005225383,0.00042766889,878.5060843034121,0.00041897237,0.0047269585,-0.027231652
1.0003829,0.00036211734,0,0.0018125012,337.1603468927767,878.5059040063704,1525,8541.082,3.1299946,505.96475,0.17346357,11957.081,4.328209,0,,,,,337.1603468927767,0.00042751047,878.5059040063704,0.00041889268,0.005109136,-0.02724928
0.9997664,0.00036214426,0,0.0018134356,337.160363350148,878.5059050508456,1526,8535.492,3.1295302,505.61456,0.17337328,11949.712,4.328531,0,,,,,337.160363350148,0.0004277976,878.5059050508456,0.00041913197,0.0052772528,-0.027399676
1.0002605,0.00036215864,0,0.0018143697,337.1590207500928,878.5061564966123,1527,8540.909,3.1301982,505.41913,0.17344964,11955.617,4.3287024,0,,,,,337.1590207500928,0.00042795163,878.5061564966123,0.0004192299,0.0049812337,-0.027102381
0.9998096,0.00036200436,0,0.0018153037,337.160033068555,878.5063120091424,1528,8536.069,3.1295786,506.16907,0.17325303,11950.229,4.3268585,0,,,,,337.160033068555,0.00042747866,878.5063120091424,0.0004188639,0.005143942,-0.027030924
0.99975497,0.00036187525,0,0.0018162376,337.1596703642599,878.5066108406671,1529,8535.465,3.1296322,506.1508,0.1733612,11949.575,4.3253155,0,,,,,337.1596703642599,0.00042807235,878.5066108406671,0.0004192893,0.004524473,-0.02711423
1.0003322,0.00036231143,0,0.0018171715,337.1580380841255,878.5061956829811,1530,8541.414,3.1301436,505.37296,0.17351139,11956.475,4.3305287,0,,,,,337.1580380841255,0.00042781627,878.5061956829811,0.0004190217,0.00494458,-0.026864275
1.0000653,0.00036246277,0,0.0018181051,337.1595795942484,878.5068530536622,1531,8540.462,3.1330178,505.42664,0.17345123,11953.284,4.332338,0,,,,,337.1595795942484,0.00042782645,878.5068530536622,0.00041922543,0.004720745,-0.026627652
1.0004042,0.00036241364,0,0.0018190386,337.1598553225298,878.5061519218606,1532,8542.318,3.1302416,505.51855,0.17342944,11957.335,4.3317504,0,,,,,337.1598553225298,0.00042773134,878.5061519218606,0.00041903055,0.0054099397,-0.027055956
1.0000606,0.00036215025,0,0.0018199721,337.159801833973,878.5067615268454,1533,8539.8955,3.1314318,505.84036,0.17348745,11953.228,4.3286023,0,,,,,337.159801833973,0.00042779683,878.5067615268454,0.00041909437,0.0046634367,-0.026653944
0.9997898,0.00036252657,0,0.0018209054,337.1599459698998,878.506738963398,1534,8537.573,3.132547,505.45453,0.17359598,11949.991,4.3331003,0,,,,,337.1599459698998,0.00042780073,878.506738963398,0.0004191374,0.0052021737,-0.026643317
1.0001457,0.00036213183,0,0.0018218386,337.15922415571083,878.5065333195126,1535,8540.487,3.1298492,505.56412,0.1734452,11954.245,4.328382,0,,,,,337.15922415571083,0.0004275739,878.5065333195126,0.00041887411,0.0049762125,-0.026851857
1.0000759,0.00036274694,0,0.0018227716,337.15971526913813,878.5071428193914,1536,8542.426,3.1331532,505.6323,0.1734864,11953.412,4.3357344,0,,,,,337.15971526913813,0.00042759528,878.5071428193914,0.00041898404,0.0051110643,-0.026219392
1.000042,0.00036244903,0,0.0018237046,337.1585074845916,878.5064476853202,1537,8541.917,3.1315598,505.6817,0.17335598,11953.006,4.3321733,0,,,,,337.1585074845916,0.00042777703,878.5064476853202,0.00041908375,0.005023714,-0.026254762
0.99988997,0.00036267514,0,0.0018255701,337.1599307293512,878.5073142717922,1539,8541.6,3.1330736,505.22372,0.17338346,11951.188,4.334876,0,,,,,337.1599307293512,0.00042773286,878.5073142717922,0.00041905997,0.005074979,-0.025940942
0.99949014,0.0003627779,0,0.0018265026,337.16025292759963,878.5072363897953,1540,8538.81,3.1326935,505.27524,0.17326078,11946.41,4.3361044,0,,,,,337.16025292759963,0.00042798842,878.5072363897953,0.00041934737,0.005243916,-0.02581419
1.0006592,0.00036261833,0,0.0018274351,337.1590258017376,878.5071719889872,1541,8547.574,3.1336615,505.27917,0.17356291,11960.384,4.334197,0,,,,,337.1590258017376,0.00042749077,878.5071719889872,0.00041878747,0.0048731603,-0.026150139
1.0003173,0.00036265736,0,0.0018283675,337.1595756307598,878.5074698320492,1542,8544.966,3.133404,505.64188,0.1736718,11956.297,4.3346634,0,,,,,337.1595756307598,0.00042784325,878.5074698320492,0.00041913247,0.004941672,-0.026176462
0.9996099,0.00036251516,0,0.0018292997,337.15979006066055,878.5071802582179,1543,8537.505,3.1324732,505.50784,0.17340212,11947.841,4.332964,0,,,,,337.15979006066055,0.0004276885,878.5071802582179,0.0004189951,0.004641441,-0.026127562
1.0007759,0.00036234022,0,0.0018302317,337.1590755892787,878.5067522215692,1544,8546.911,3.133543,504.85654,0.17337441,11961.778,4.330873,0,,,,,337.1590755892787,0.0004274615,878.5067522215692,0.00041876826,0.004695886,-0.026560526
0.99971527,0.0003627315,0,0.0018311638,337.15972789205773,878.5081054810825,1545,8541.109,3.1329603,505.69617,0.17345415,11949.101,4.3355494,0,,,,,337.15972789205773,0.00042806906,878.5081054810825,0.00041943803,0.0052794893,-0.025535528
0.9997485,0.00036268064,0,0.0018320957,337.1597975565307,878.5082245379083,1546,8541.398,3.1329772,505.4327,0.17344543,11949.498,4.334942,0,,,,,337.1597975565307,0.00042770573,878.5082245379083,0.00041910718,0.0053262743,-0.025612976
1.0004151,0.00036281516,0,0.0018330273,337.15984002678584,878.5081603562951,1547,8548.438,3.1335962,505.23642,0.17338948,11957.466,4.3365498,0,,,,,337.15984002678584,0.00042727328,878.5081603562951,0.00041860447,0.005320618,-0.025484309
1.0002834,0.00036276158,0,0.001833959,337.1596638491927,878.5075403454094,1548,8546.502,3.1335788,505.9358,0.17330617,11955.891,4.3359094,0,,,,,337.1596638491927,0.00042780107,878.5075403454094,0.0004191264,0.0051096813,-0.025647921
0.999928,0.00036243763,0,0.0018348905,337.1591765995662,878.5072455921764,1549,8543.135,3.1332252,505.35464,0.17352818,11951.644,4.332037,0,,,,,337.1591765995662,0.0004277209,878.5072455921764,0.00041908267,0.0049261455,-0.025678968
1.000569,0.0003625882,0,0.0018358218,337.15891640875486,878.5075273315189,1550,8547.607,3.1336594,505.2442,0.17350459,11959.305,4.333837,0,,,,,337.15891640875486,0.00042770547,878.5075273315189,0.0004189382,0.004878452,-0.025855586
0.99951315,0.00036218276,0,0.0018367531,337.1605144985141,878.5078297137459,1551,8538.235,3.1327734,505.58572,0.17341837,11946.685,4.328991,0,,,,,337.1605144985141,0.0004289495,878.5078297137459,0.0004198801,0.0044939793,-0.026400244
1.0000501,0.00036238332,0,0.0018376842,337.15920573496425,878.506801117652,1552,8542.305,3.1330197,504.6908,0.1734353,11953.103,4.331388,0,,,,,337.15920573496425,0.00042751775,878.506801117652,0.00041884536,0.0046138186,-0.026132202
0.99985147,0.00036240797,0,0.0018386152,337.15922635542097,878.5076142266802,1553,8541.06,3.132975,505.359,0.17350538,11950.729,4.3316827,0,,,,,337.15922635542097,0.00042787977,878.5076142266802,0.00041918273,0.004774184,-0.026173396
0.9995101,0.0003625541,0,0.001839546,337.1593130812054,878.5092714590743,1554,8540.557,3.132908,505.2978,0.17334169,11946.648,4.3334293,0,,,,,337.1593130812054,0.00042788315,878.5092714590743,0.00041916405,0.004701079,-0.025685754
0.99918836,0.00036218963,0,0.0018404769,337.1587111811848,878.5081524042096,1555,8537.242,3.1325133,505.43692,0.17336617,11942.803,4.329073,0,,,,,337.1587111811848,0.0004281565,878.5081524042096,0.00041941673,0.0047717565,-0.0256898
1.0002218,0.00036261306,0,0.0018414075,337.15952213964954,878.5082527357673,1556,8548.529,3.133693,505.6903,0.17345385,11955.156,4.334134,0,,,,,337.15952213964954,0.00042748064,878.5082527357673,0.00041886774,0.004669809,-0.025241476
0.99985427,0.00036267762,0,0.001842338,337.15948606587233,878.5084204686033,1557,8544.574,3.1334019,505.00165,0.17340663,11950.762,4.3349056,0,,,,,337.15948606587233,0.0004278494,878.5084204686033,0.00041913963,0.0049387454,-0.025293555
1.0001483,0.00036290975,0,0.0018432684,337.158843658665,878.5086458361131,1558,8548.143,3.1336515,505.6217,0.1732305,11954.276,4.3376803,0,,,,,337.158843658665,0.00042760652,878.5086458361131,0.00041888104,0.004902203,-0.02503352
0.9993277,0.0003625003,0,0.0018441987,337.159612619474,878.5084928537829,1559,8541.944,3.133011,505.18808,0.17346092,11944.469,4.332786,0,,,,,337.159612619474,0.00042804875,878.5084928537829,0.00041935444,0.0047395807,-0.024864148
1.0001273,0.00036250704,0,0.0018451287,337.15939852073365,878.5081029440055,1560,8546.75,3.1334283,504.8265,0.1735304,11954.025,4.3328667,0,,,,,337.15939852073365,0.0004274623,878.5081029440055,0.00041870592,0.0045719193,-0.025299126
1.0004152,0.00036245392,0,0.0018460588,337.15927158029746,878.5076930889236,1561,8549.253,3.1337214,505.39514,0.17342716,11957.467,4.332232,0,,,,,337.15927158029746,0.00042751248,878.5076930889236,0.00041885246,0.004526333,-0.025350686
0.99984944,0.00036230573,0,0.0018469887,337.1605684614059,878.5089978722631,1562,8544.485,3.1332245,505.00085,0.17335325,11950.704,4.3304605,0,,,,,337.1605684614059,0.00042759924,878.5089978722631,0.00041889044,0.004657282,-0.025198074
1.0004714,0.00036270547,0,0.0018479185,337.1594055672629,878.509356482379,1563,8552.571,3.1340256,504.73392,0.17350587,11958.138,4.3352385,0,,,,,337.1594055672629,0.0004273966,878.509356482379,0.00041876076,0.0050294152,-0.024478458
0.99998164,0.00036285236,0,0.0018488481,337.1601202267615,878.5092015184038,1564,8549.72,3.13374,504.79184,0.17350724,11952.284,4.336994,0,,,,,337.1601202267615,0.00042754144,878.5092015184038,0.00041885345,0.005225514,-0.024398988
1.0006299,0.00036299968,0,0.0018497776,337.15964437975333,878.5095689535846,1565,8556.022,3.1343818,504.60205,0.17356785,11960.032,4.338755,0,,,,,337.15964437975333,0.000427318,878.5095689535846,0.0004186701,0.005481403,-0.024082506
1.0001563,0.00036278617,0,0.001850707,337.15917924634635,878.5095803696981,1566,8550.891,3.1339073,504.92004,0.17334655,11954.372,4.336203,0,,,,,337.15917924634635,0.00042750614,878.5095803696981,0.00041879338,0.0054205675,-0.024367055
1.0002394,0.000362833,0,0.0018516363,337.15914868438506,878.5100767749682,1567,8553.629,3.1341805,505.3656,0.1734893,11955.365,4.336763,0,,,,,337.15914868438506,0.00042767485,878.5100767749682,0.00041900275,0.005302471,-0.023887036
1.0003673,0.00036302538,0,0.0018525654,337.1593012481765,878.5090025687912,1568,8554.582,3.1342914,506.2041,0.17342395,11956.894,4.339062,0,,,,,337.1593012481765,0.00042774016,878.5090025687912,0.00041909714,0.005474869,-0.023890227
1.0001531,0.00036286484,0,0.0018534946,337.1591707621486,878.5098474072895,1569,8554.296,3.134135,505.04752,0.1733824,11954.333,4.3371434,0,,,,,337.1591707621486,0.0004274716,878.5098474072895,0.000418794,0.005529002,-0.02384455
0.9993036,0.00036265847,0,0.0018544234,337.1586519458682,878.5092972099915,1570,8545.126,3.1332955,505.22876,0.17329958,11944.18,4.3346767,0,,,,,337.1586519458682,0.0004280028,878.5092972099915,0.00041928852,0.00521396,-0.024114756
0.9994315,0.00036250075,0,0.0018553522,337.1590052415724,878.509400941534,1571,8544.543,3.1332877,504.8273,0.1732906,11945.709,4.332792,0,,,,,337.1590052415724,0.00042777866,878.509400941534,0.00041905013,0.0047300877,-0.02441748
0.9999627,0.00036283975,0,0.0018562808,337.1597544711312,878.508939527369,1572,8550.671,3.1337729,504.67566,0.17345941,11952.058,4.3368435,0,,,,,337.1597544711312,0.00042765707,878.508939527369,0.00041904216,0.005223809,-0.02419484
0.99936646,0.00036277447,0,0.0018572094,337.1592911818276,878.5097304835579,1573,8545.0205,3.1332366,505.0395,0.17352107,11944.932,4.3360634,0,,,,,337.1592911818276,0.0004280292,878.5097304835579,0.00041929766,0.005382854,-0.024415107
0.99996585,0.00036271842,0,0.0018581378,337.15880347319063,878.5096454572131,1574,8551.498,3.133882,504.18427,0.17338967,11952.096,4.3353934,0,,,,,337.15880347319063,0.0004276318,878.5096454572131,0.00041897033,0.005285696,-0.024031086
0.99951535,0.00036270788,0,0.0018590661,337.159632611296,878.510751925095,1575,8549.845,3.133881,504.58325,0.17339347,11946.711,4.3352675,0,,,,,337.159632611296,0.00042799016,878.510751925095,0.00041931667,0.005379828,-0.023496924
0.9992728,0.0003628349,0,0.0018599943,337.1588375338338,878.5108103729165,1576,8549.049,3.1338348,504.7108,0.17340496,11943.8125,4.3367853,0,,,,,337.1588375338338,0.00042803667,878.5108103729165,0.0004192924,0.0055413484,-0.023128016
1.000016,0.00036283233,0,0.0018609223,337.159002669277,878.5106039095448,1577,8554.208,3.1342723,504.7964,0.17347717,11952.694,4.336755,0,,,,,337.159002669277,0.0004276076,878.5106039095448,0.0004189197,0.0053893235,-0.023342643
0.9995655,0.0003629012,0,0.0018618501,337.1591923182194,878.5103466306981,1578,8550.361,3.133794,504.09265,0.17341718,11947.311,4.337578,0,,,,,337.1591923182194,0.00042784898,878.5103466306981,0.00041912144,0.00547089,-0.023379259
1.0004263,0.00036284755,0,0.001862778,337.1594200049059,878.5098120006248,1579,8558.176,3.134515,504.95724,0.17336076,11957.6,4.336937,0,,,,,337.1594200049059,0.00042730643,878.5098120006248,0.0004187338,0.005356968,-0.023472536
0.99997944,0.0003625397,0,0.0018637057,337.15871241736346,878.5106289008977,1580,8554.697,3.1342232,504.92957,0.17336695,11952.258,4.333257,0,,,,,337.15871241736346,0.00042778216,878.5106289008977,0.00041902764,0.0047719656,-0.023339786
0.99967974,0.00036254947,0,0.0018646332,337.15905733557463,878.509687058372,1581,8550.749,3.1337125,504.91605,0.17338726,11948.676,4.333374,0,,,,,337.15905733557463,0.00042770806,878.509687058372,0.00041897394,0.004451312,-0.0234343
1.0000027,0.000362571,0,0.0018655607,337.1581654966233,878.5099296464402,1582,8554.479,3.1341841,504.48007,0.17328428,11952.536,4.3336315,0,,,,,337.1581654966233,0.00042772733,878.5099296464402,0.00041899615,0.004264346,-0.02331279
0.9995538,0.0003628063,0,0.0018664879,337.1590075354905,878.5117522089065,1583,8554.004,3.1343105,504.018,0.17345522,11947.171,4.336444,0,,,,,337.1590075354905,0.00042765378,878.5117522089065,0.00041892068,0.004807249,-0.022236628
0.9999698,0.000362418,0,0.001867415,337.15853350710705,878.5115634919524,1584,8558.101,3.1344209,504.31888,0.1732762,11952.143,4.331803,0,,,,,337.15853350710705,0.00042765183,878.5115634919524,0.00041884521,0.0045334916,-0.022111982
0.9996512,0.0003623822,0,0.001868342,337.15896588282027,878.5120776962555,1585,8555.956,3.134378,504.56027,0.17344873,11948.335,4.3313746,0,,,,,337.15896588282027,0.00042762872,878.5120776962555,0.0004189016,0.0044649118,-0.021751536
1.0002611,0.00036265104,0,0.001869269,337.1580034196172,878.5116002171912,1586,8560.776,3.134729,504.46857,0.17326862,11955.625,4.334588,0,,,,,337.1580034196172,0.00042767992,878.5116002171912,0.00041891204,0.004795655,-0.022140916
1.000567,0.0003627657,0,0.0018701957,337.15948014024076,878.5129993484031,1587,8565.266,3.1353195,504.29495,0.1735201,11959.28,4.3359585,0,,,,,337.15948014024076,0.00042747153,878.5129993484031,0.00041871975,0.0046695154,-0.021552516
1.0002674,0.0003626249,0,0.0018711224,337.15911332461377,878.5125200081001,1588,8562.096,3.1349332,504.07346,0.17353664,11955.699,4.3342757,0,,,,,337.15911332461377,0.0004274623,878.5125200081001,0.00041873343,0.004443993,-0.021694424
1.0012757,0.00036283393,0,0.001872049,337.1581773481324,878.5132596206081,1589,8571.849,3.1359112,503.94443,0.17344162,11967.751,4.336774,0,,,,,337.1581773481324,0.00042716943,878.5132596206081,0.00041817327,0.0045674676,-0.021611407
0.9994854,0.00036264706,0,0.0018729754,337.15801176686256,878.5126241276779,1590,8557.501,3.1344352,504.51883,0.17342259,11946.353,4.3345404,0,,,,,337.15801176686256,0.00042774194,878.5126241276779,0.00041894385,0.0046146307,-0.021290148
0.99976885,0.00036214004,0,0.0018739017,337.15828424120036,878.5125229380802,1591,8556.816,3.1343942,504.46646,0.17348811,11949.741,4.3284802,0,,,,,337.15828424120036,0.00042792223,878.5125229380802,0.0004190922,0.00439534,-0.021932572
0.9997105,0.0003625092,0,0.0018748278,337.1582320189957,878.5135199264649,1592,8557.944,3.1345878,504.34445,0.17353855,11949.044,4.3328924,0,,,,,337.1582320189957,0.0004277433,878.5135199264649,0.0004190149,0.0044671157,-0.021500923
0.99991435,0.00036262374,0,0.0018757539,337.1595556622265,878.5125687268534,1593,8558.727,3.1347098,505.05704,0.17310712,11951.48,4.334262,0,,,,,337.1595556622265,0.0004279637,878.5125687268534,0.00041924618,0.0046647307,-0.021848168
0.9991697,0.00036281114,0,0.0018766797,337.15830391700126,878.5127426364409,1594,8553.827,3.1340587,504.01144,0.17333862,11942.58,4.3365016,0,,,,,337.15830391700126,0.00042790774,878.5127426364409,0.0004191612,0.0048731575,-0.021514
1.0009167,0.00036281807,0,0.0018776056,337.15929072389406,878.5125661976905,1595,8567.7705,3.1355097,503.941,0.17343198,11963.461,4.3365846,0,,,,,337.15929072389406,0.0004274611,878.5125661976905,0.0004187022,0.0052044033,-0.022000663
1.0001743,0.0003630297,0,0.0018785312,337.1594053203226,878.5119301531363,1596,8562.859,3.1350412,504.347,0.17342198,11954.587,4.339114,0,,,,,337.1594053203226,0.0004277041,878.5119301531363,0.00041901326,0.00556437,-0.021806162
1.0001749,0.0003628137,0,0.0018794567,337.15965868898996,878.5126131877531,1597,8563.561,3.1350882,504.6358,0.17346591,11954.594,4.336532,0,,,,,337.15965868898996,0.0004276662,878.5126131877531,0.00041898288,0.0058145868,-0.021754427
1.0006514,0.00036268268,0,0.0018803821,337.1600413020923,878.5125683143488,1598,8569.062,3.1355612,504.107,0.17333247,11960.289,4.334966,0,,,,,337.1600413020923,0.0004273125,878.5125683143488,0.00041864713,0.0061380104,-0.021434512
0.99934644,0.00036279552,0,0.0018813073,337.1594635534846,878.5123776424514,1599,8557.233,3.1345441,504.61832,0.17334324,11944.692,4.3363147,0,,,,,337.1594635534846,0.000427909,878.5123776424514,0.00041921303,0.0063127964,-0.021510057
0.9997126,0.0003628772,0,0.0018822325,337.1599161383865,878.5121825758898,1600,8560.54,3.1347237,503.6253,0.1734619,11949.068,4.3372912,0,,,,,337.1599161383865,0.00042769773,878.5121825758898,0.00041904234,0.0061701983,-0.021675838
1.0003289,0.00036252482,0,0.0018831575,337.15876546318117,878.5127244026704,1601,8566.035,3.1353064,504.7069,0.17346749,11956.435,4.3330793,0,,,,,337.15876546318117,0.00042761554,878.5127244026704,0.0004188658,0.0060183057,-0.02134332
1.0001926,0.00036295783,0,0.0018840824,337.1585753004949,878.5118449886834,1602,8562.538,3.1350071,503.80072,0.17353418,11954.807,4.338255,0,,,,,337.1585753004949,0.0004275546,878.5118449886834,0.00041886704,0.005878832,-0.022218788
1.0001214,0.0003627221,0,0.0018850071,337.1588621869994,878.5115999555879,1603,8563.502,3.1350338,503.595,0.1734934,11953.955,4.3354373,0,,,,,337.1588621869994,0.00042746842,878.5115999555879,0.00041876483,0.0061382013,-0.021948375
0.99932736,0.00036284386,0,0.0018859318,337.1587518773767,878.5122766810534,1604,8555.346,3.13421,503.98828,0.17335783,11944.464,4.3368926,0,,,,,337.1587518773767,0.00042789907,878.5122766810534,0.0004191805,0.0061325724,-0.022113234
1.0008109,0.0003628251,0,0.0018868563,337.159555595387,878.5127647699603,1605,8570.048,3.1356876,503.88885,0.17326742,11962.195,4.3366685,0,,,,,337.159555595387,0.00042754284,878.5127647699603,0.00041884347,0.006097497,-0.021635998
0.99992776,0.00036270014,0,0.0018877807,337.15930636283946,878.5123966472156,1606,8561.954,3.134872,503.83044,0.1734688,11951.641,4.335175,0,,,,,337.15930636283946,0.00042774016,878.5123966472156,0.00041900686,0.006067309,-0.021745373
1.0003448,0.00036281257,0,0.001888705,337.1586043939393,878.5131726524182,1607,8567.568,3.1354651,503.95172,0.17334495,11956.624,4.336519,0,,,,,337.1586043939393,0.00042750034,878.5131726524182,0.00041880418,0.006144417,-0.021347785
1.0003183,0.00036276638,0,0.001889629,337.1587541589983,878.513181322795,1608,8567.084,3.1352663,503.76788,0.17340231,11956.308,4.3359666,0,,,,,337.1587541589983,0.00042740497,878.513181322795,0.00041874195,0.0058179195,-0.021375008
1.0002735,0.0003629346,0,0.001890553,337.15880553433027,878.5121639054111,1609,8567.822,3.1354303,503.57324,0.17336753,11955.772,4.3379774,0,,,,,337.15880553433027,0.00042753812,878.5121639054111,0.00041885773,0.006050723,-0.021125773
0.9999527,0.00036289982,0,0.0018914769,337.15917307649397,878.512835999734,1610,8564.287,3.1350527,503.51965,0.17355148,11951.938,4.3375616,0,,,,,337.15917307649397,0.00042756158,878.512835999734,0.0004187952,0.0059435805,-0.021098668
0.99947965,0.0003626277,0,0.0018924007,337.1586669667165,878.5128442336251,1611,8561.3125,3.134842,504.40094,0.17347494,11946.284,4.334309,0,,,,,337.1586669667165,0.00042778935,878.5128442336251,0.0004191253,0.0061792983,-0.02118543
0.9999572,0.00036264752,0,0.0018933243,337.15876771460114,878.5134598266742,1612,8565.952,3.1352353,503.53668,0.17339413,11951.992,4.334546,0,,,,,337.15876771460114,0.00042772174,878.5134598266742,0.00041895616,0.0062917415,-0.020740338
1.0001588,0.00036267252,0,0.0018942477,337.1589892474898,878.5138016107793,1613,8567.56,3.1354036,503.44504,0.1733009,11954.402,4.3348446,0,,,,,337.1589892474898,0.000427499,878.5138016107793,0.0004188476,0.006415896,-0.020840427
0.99982786,0.00036286569,0,0.0018951711,337.15932124442804,878.5137650710005,1614,8563.835,3.1350644,503.50607,0.17331702,11950.446,4.3371534,0,,,,,337.15932124442804,0.00042743617,878.5137650710005,0.000418728,0.0058575086,-0.020942193
0.99964184,0.00036286237,0,0.0018960943,337.1592006724073,878.5129773787077,1615,8559.621,3.1345623,503.64664,0.17345572,11948.223,4.337114,0,,,,,337.1592006724073,0.00042796566,878.5129773787077,0.00041922677,0.005793743,-0.02155095
1.0000389,0.00036257983,0,0.0018970175,337.1595787521763,878.5138364619133,1616,8566.4375,3.1352534,503.1767,0.17336908,11952.968,4.333737,0,,,,,337.1595787521763,0.00042750037,878.5138364619133,0.000418755,0.0062596314,-0.020879215
1.0005894,0.00036282482,0,0.0018979404,337.1592839223657,878.5141962057444,1617,8571.261,3.1357918,504.10004,0.17331769,11959.548,4.336665,0,,,,,337.1592839223657,0.0004271555,878.5141962057444,0.00041838843,0.0064613577,-0.0209239
1.0001928,0.00036268024,0,0.0018988632,337.15913112664884,878.5130460533258,1618,8568.714,3.1355467,503.65747,0.1734223,11954.808,4.334937,0,,,,,337.15913112664884,0.00042753358,878.5130460533258,0.0004187855,0.0061317426,-0.020606827
1.0003763,0.00036273917,0,0.001899786,337.15949930383505,878.5131088815707,1619,8570.736,3.1357281,503.50873,0.17342885,11957.002,4.3356414,0,,,,,337.15949930383505,0.00042698524,878.5131088815707,0.0004183703,0.0065299654,-0.020782413
0.99986386,0.00036249333,0,0.0019007085,337.1590072391056,878.5136482402165,1620,8567.944,3.135528,503.8924,0.17326944,11950.877,4.332703,0,,,,,337.1590072391056,0.00042769263,878.5136482402165,0.00041898768,0.0064466875,-0.020450076
0.99980557,0.00036287494,0,0.001901631,337.15871375352185,878.5126287263961,1621,8565.642,3.1352105,503.7775,0.17336582,11950.18,4.337264,0,,,,,337.15871375352185,0.00042759013,878.5126287263961,0.00041895144,0.006153151,-0.020879395
0.9996476,0.0003628666,0,0.0019025533,337.1587963841977,878.5141153411602,1622,8565.355,3.1352456,503.71005,0.17345995,11948.292,4.3371644,0,,,,,337.1587963841977,0.0004275721,878.5141153411602,0.0004188391,0.006320106,-0.02043854
0.9995186,0.00036252782,0,0.0019034755,337.159638303911,878.513578125614,1623,8565.433,3.1351912,504.3879,0.173418,11946.75,4.333115,0,,,,,337.159638303911,0.00042761283,878.513578125614,0.00041905907,0.0066237864,-0.020322694
0.9999189,0.0003628288,0,0.0019043975,337.1592807190793,878.5135817457668,1624,8568.7,3.1354592,503.2181,0.1732391,11951.534,4.336713,0,,,,,337.1592807190793,0.00042718614,878.5135817457668,0.00041858206,0.0060379305,-0.020192819
0.9994187,0.0003623675,0,0.0019053195,337.15936647527417,878.5137379075884,1625,8564.405,3.135198,504.3824,0.17318612,11945.556,4.3311987,0,,,,,337.15936647527417,0.0004277988,878.5137379075884,0.00041911477,0.0067032757,-0.020229224
1.0007403,0.00036267182,0,0.0019062413,337.15932857183844,878.5141073957409,1626,8576.587,3.1362956,503.24576,0.17351389,11961.352,4.3348365,0,,,,,337.15932857183844,0.00042734595,878.5141073957409,0.0004186638,0.0066312896,-0.020176837
0.99980843,0.00036243268,0,0.001907163,337.15876053277117,878.5137031715649,1627,8569.208,3.1355686,503.20425,0.17346157,11950.214,4.331978,0,,,,,337.15876053277117,0.0004273895,878.5137031715649,0.0004187214,0.0067817145,-0.020143801
1.00003,0.00036260928,0,0.0019080845,337.15937713979815,878.514296818631,1628,8571.223,3.135605,503.50546,0.17343967,11952.863,4.334089,0,,,,,337.15937713979815,0.000427374,878.514296818631,0.00041868194,0.0063666427,-0.020176606
1.0003068,0.00036274974,0,0.0019090059,337.1592566348136,878.5144860585503,1629,8573.551,3.1358755,503.27255,0.17337194,11956.171,4.3357677,0,,,,,337.1592566348136,0.00042751944,878.5144860585503,0.00041882694,0.0064267837,-0.019787591
0.9995941,0.000362645,0,0.0019099272,337.15833629077,878.5130769518189,1630,8565.283,3.1352859,503.33606,0.17351498,11947.652,4.3345156,0,,,,,337.15833629077,0.00042772162,878.5130769518189,0.00041903587,0.0059855795,-0.020371482
1.000566,0.0003625773,0,0.0019108484,337.1590341682411,878.5149599994483,1631,8575.427,3.1361063,503.44913,0.17328584,11959.269,4.3337064,0,,,,,337.1590341682411,0.00042704312,878.5149599994483,0.00041829416,0.0059944508,-0.019860683
1.0005572,0.00036269097,0,0.0019117694,337.1593089042564,878.515127475033,1632,8575.153,3.136033,503.32593,0.1734004,11959.163,4.3350654,0,,,,,337.1593089042564,0.00042729164,878.515127475033,0.0004185893,0.0061475877,-0.020036375
1.0002328,0.00036282715,0,0.0019126902,337.15888042335615,878.5146915123929,1633,8572.359,3.1358123,503.56235,0.1733509,11955.287,4.336693,0,,,,,337.15888042335615,0.00042732467,878.5146915123929,0.00041857554,0.0063326163,-0.019966338
0.9992476,0.0003626523,0,0.0019136111,337.15957015365876,878.5152335547252,1634,8565.15,3.1351237,503.45032,0.17337039,11943.511,4.334603,0,,,,,337.15957015365876,0.0004275964,878.5152335547252,0.00041890555,0.0062686973,-0.01973101
1.0006132,0.00036273542,0,0.0019145317,337.1597183331123,878.5149138238886,1635,8576.427,3.136204,503.21194,0.17350991,11959.834,4.3355966,0,,,,,337.1597183331123,0.00042726548,878.5149138238886,0.00041861084,0.006396321,-0.019891117
1.0007243,0.00036278443,0,0.0019154522,337.1587706482891,878.5151875662689,1636,8578.7,3.1364813,503.6603,0.17331316,11961.161,4.336182,0,,,,,337.1587706482891,0.00042745538,878.5151875662689,0.00041865825,0.006547603,-0.01952866
1.0000536,0.00036277922,0,0.0019163726,337.15883336992016,878.5148213523578,1637,8572.833,3.1359406,503.65674,0.17328219,11953.1455,4.33612,0,,,,,337.15883336992016,0.0004275333,878.5148213523578,0.00041887112,0.006634011,-0.019598592
0.9999936,0.0003628089,0,0.0019172928,337.1593076514096,878.5152609354595,1638,8572.873,3.1358635,503.2383,0.1734211,11952.428,4.336475,0,,,,,337.1593076514096,0.00042730864,878.5152609354595,0.00041865648,0.006232924,-0.019402565
1.0003492,0.00036283289,0,0.001918213,337.15888140492274,878.5144270646817,1639,8575.216,3.1360886,503.0439,0.17326659,11956.677,4.3367615,0,,,,,337.15888140492274,0.0004273176,878.5144270646817,0.00041867132,0.006115077,-0.019643316
1.0004561,0.00036266737,0,0.0019191329,337.15928216516267,878.515242517626,1640,8577.413,3.1363993,503.7233,0.17329462,11957.956,4.334783,0,,,,,337.15928216516267,0.0004272839,878.515242517626,0.00041862277,0.0064390427,-0.019100986
1.000664,0.0003628258,0,0.0019200528,337.15881665693877,878.5153766317612,1641,8578.746,3.13655,503.02145,0.17338933,11960.44,4.336677,0,,,,,337.15881665693877,0.0004274379,878.5153766317612,0.0004186904,0.006252169,-0.01948463
1.0006136,0.00036282834,0,0.0019209725,337.1591720336937,878.515705594689,1642,8580.2295,3.1367104,503.87683,0.17342281,11959.837,4.336707,0,,,,,337.1591720336937,0.0004273213,878.515705594689,0.00041862458,0.0063303085,-0.018987682
1.0000721,0.00036258795,0,0.001921892,337.15854947598865,878.5150945729637,1643,8574.54,3.1359534,502.81384,0.17338517,11953.366,4.3338337,0,,,,,337.15854947598865,0.0004274878,878.5150945729637,0.00041875208,0.006106915,-0.019234065
0.99966455,0.00036282022,0,0.0019228115,337.1587072515338,878.5155717543876,1644,8572.471,3.1358511,502.94348,0.17349744,11948.494,4.3366103,0,,,,,337.1587072515338,0.00042738343,878.5155717543876,0.0004186864,0.006193655,-0.018874072
1.000538,0.00036290727,128,0.0019237308,337.1601859647999,878.5160848545032,1645,8579.152,3.1372209,503.48566,0.17331097,11958.934,4.337651,128,,,,,337.1601859647999,0.0004272353,878.5160848545032,0.00041845551,0.0059271967,-0.01904081
0.9998285,0.00036290011,0,0.00192465,337.1582825722017,878.516280426023,1646,8573.562,3.135919,503.18094,0.17345876,11950.454,4.337565,0,,,,,337.1582825722017,0.00042780323,878.516280426023,0.0004190303,0.0059506586,-0.018908102
0.99938047,0.00036280975,0,0.0019255691,337.1591071698837,878.5160885351919,1647,8571.105,3.1357808,503.1166,0.1733983,11945.099,4.336485,0,,,,,337.1591071698837,0.00042766024,878.5160885351919,0.0004189292,0.00596295,-0.018701047
1.0002258,0.0003628489,0,0.001926488,337.1593809463952,878.5162154069875,1648,8578.0,3.1364007,502.85333,0.17346533,11955.202,4.3369527,0,,,,,337.1593809463952,0.0004275676,878.5162154069875,0.00041878768,0.0061737597,-0.018814275
0.9997587,0.0003627935,0,0.0019274069,337.15869738272914,878.5161824843769,1649,8575.231,3.1361058,503.22137,0.1732412,11949.62,4.336291,0,,,,,337.15869738272914,0.00042750913,878.5161824843769,0.0004188103,0.006133509,-0.018460814
1.0000887,0.00036283495,0,0.0019283255,337.1588521589603,878.5155051865163,1650,8575.809,3.1362035,503.24826,0.17322834,11953.563,4.3367863,0,,,,,337.1588521589603,0.00042756204,878.5155051865163,0.00041887432,0.005754788,-0.018942043
1.0001456,0.00036298268,0,0.001929244,337.1585117642334,878.516461279607,1651,8577.764,3.1362941,503.17386,0.17325522,11954.243,4.338552,0,,,,,337.1585117642334,0.00042715704,878.516461279607,0.00041842382,0.005706511,-0.018685363
0.99984205,0.0003628135,0,0.0019301624,337.1584106802939,878.5165538955771,1652,8573.942,3.1359909,502.6381,0.1734049,11950.616,4.3365297,0,,,,,337.1584106802939,0.00042751603,878.5165538955771,0.00041877004,0.0056974133,-0.018991163
1.0005832,0.0003632038,0,0.0019310807,337.15885725319026,878.5162095500974,1653,8582.055,3.1366317,502.22293,0.17335658,11959.474,4.341195,0,,,,,337.15885725319026,0.0004269395,878.5162095500974,0.00041824157,0.005559571,-0.018595092
1.0002375,0.00036300236,0,0.0019319989,337.1591592842605,878.5162045897634,1654,8578.931,3.1363957,502.6481,0.17348784,11955.343,4.338787,0,,,,,337.1591592842605,0.00042710293,878.5162045897634,0.00041844,0.005897892,-0.018679576
0.9999088,0.0003628642,0,0.0019329168,337.15812513858316,878.516035543485,1655,8576.705,3.1362183,502.93607,0.17339152,11951.414,4.337136,0,,,,,337.15812513858316,0.00042763274,878.516035543485,0.00041892903,0.0056720567,-0.018374342
0.9997488,0.00036267313,0,0.0019338347,337.1586370569082,878.5159660893069,1656,8575.794,3.1361814,503.2106,0.17324817,11949.502,4.334852,0,,,,,337.1586370569082,0.00042759557,878.5159660893069,0.00041894463,0.0057768887,-0.018458122
0.9998113,0.0003628895,0,0.0019347525,337.1581004359748,878.5165779681058,1657,8576.229,3.1363716,502.43643,0.1734038,11950.248,4.337438,0,,,,,337.1581004359748,0.00042740267,878.5165779681058,0.00041858404,0.0057718754,-0.018364571
0.9994945,0.00036308347,0,0.00193567,337.1581858007526,878.5159357911099,1658,8573.385,3.1359386,502.6945,0.17347379,11946.462,4.3397565,0,,,,,337.1581858007526,0.0004275139,878.5159357911099,0.00041880968,0.005681227,-0.018490184
1.0005001,0.0003631644,0,0.0019365875,337.1590357645637,878.5169103372051,1659,8582.26,3.1368198,502.92917,0.17337267,11958.48,4.340724,0,,,,,337.1590357645637,0.00042701475,878.5169103372051,0.0004182947,0.0053168004,-0.018230334
0.99986976,0.00036282258,0,0.0019375049,337.15935935811245,878.5171685474154,1660,8577.553,3.1363347,502.90805,0.17340595,11950.947,4.3366385,0,,,,,337.15935935811245,0.00042744484,878.5171685474154,0.0004187291,0.0056211236,-0.01807898
0.9996151,0.0003629062,0,0.0019384221,337.1581979657491,878.5168309380897,1661,8574.607,3.1360831,502.56332,0.17343846,11947.903,4.337638,0,,,,,337.1581979657491,0.00042754196,878.5168309380897,0.0004188564,0.00499357,-0.018077066
0.9998407,0.00036305544,0,0.0019393392,337.15763477206383,878.5171298356406,1662,8577.275,3.136232,502.00198,0.17349225,11950.6,4.3394217,0,,,,,337.15763477206383,0.0004273024,878.5171298356406,0.00041857484,0.0052864156,-0.017907089
0.9998066,0.00036305553,0,0.0019402561,337.1581714123567,878.516973947413,1663,8576.13,3.1362624,502.5724,0.17344049,11950.192,4.3394227,0,,,,,337.1581714123567,0.0004273243,878.516973947413,0.00041860755,0.0049331947,-0.01816011
1.0004842,0.00036307413,0,0.0019411729,337.1581250132985,878.5166932014183,1664,8583.876,3.1368222,502.21405,0.17353097,11958.292,4.339645,0,,,,,337.1581250132985,0.00042732805,878.5166932014183,0.00041862752,0.005075495,-0.01780883
0.99964964,0.00036285722,0,0.0019420896,337.15819920215705,878.5167451857553,1665,8576.561,3.13621,502.57025,0.17325673,11948.316,4.3370523,0,,,,,337.15819920215705,0.0004275656,878.5167451857553,0.00041882411,0.0043770997,-0.017643847
0.99965274,0.00036305172,0,0.0019430062,337.15902013671115,878.5177783243834,1666,8577.173,3.1363375,502.50906,0.17353022,11948.354,4.339377,0,,,,,337.15902013671115,0.00042742435,878.5177783243834,0.0004186438,0.0044905148,-0.017409572
1.0001488,0.0003630397,0,0.0019439226,337.1578603821367,878.5177974819362,1667,8581.965,3.1367252,501.9409,0.17357473,11954.282,4.3392334,0,,,,,337.1578603821367,0.00042745544,878.5177974819362,0.000418666,0.004075067,-0.017321737
1.0000997,0.00036290305,0,0.0019448388,337.1573486499405,878.5176428243589,1668,8580.989,3.136599,501.96994,0.17345752,11953.695,4.3376,0,,,,,337.1573486499405,0.0004272927,878.5176428243589,0.0004184215,0.003537671,-0.017120646
0.99953353,0.0003628996,0,0.001945755,337.15769381247287,878.5171613921558,1669,8575.395,3.1360693,502.35712,0.17337884,11946.929,4.3375587,0,,,,,337.15769381247287,0.00042757438,878.5171613921558,0.00041879038,0.0037720238,-0.017438848
0.99938226,0.0003628996,0,0.0019466709,337.15880972725705,878.5182414197402,1670,8576.122,3.1362264,502.54956,0.17353788,11945.12,4.3375587,0,,,,,337.15880972725705,0.00042758734,878.5182414197402,0.00041880485,0.0035712384,-0.016716413
0.9997596,0.00036287343,0,0.0019475869,337.1571901523922,878.5183443057995,1671,8579.47,3.136269,502.0749,0.17338829,11949.631,4.337246,0,,,,,337.1571901523922,0.00042750954,878.5183443057995,0.000418666,0.003770794,-0.016699538
0.9998043,0.00036291205,0,0.0019485026,337.1574068987025,878.5185976153734,1672,8579.966,3.1364908,501.54398,0.17334616,11950.165,4.3377075,0,,,,,337.1574068987025,0.00042768128,878.5185976153734,0.00041880063,0.0037786167,-0.016860968
1.0000753,0.00036300265,0,0.0019494182,337.15725181900694,878.5187780326863,1673,8583.424,3.136877,503.02744,0.17328523,11953.404,4.3387904,0,,,,,337.15725181900694,0.00042751172,878.5187780326863,0.00041870947,0.0037423593,-0.016570507
1.0004281,0.0003628798,0,0.0019503337,337.15689198371905,878.5171580055215,1674,8585.029,3.1369476,502.0451,0.17332675,11957.62,4.337322,0,,,,,337.15689198371905,0.00042752962,878.5171580055215,0.00041870575,0.0035534264,-0.016961314
1.0003626,0.00036294697,0,0.001951249,337.1574269910666,878.518006897753,1675,8586.356,3.137235,501.93542,0.17333889,11956.839,4.338125,0,,,,,337.1574269910666,0.00042739752,878.518006897753,0.0004185854,0.0038447015,-0.016567232
0.9997274,0.00036308434,0,0.0019521642,337.1559365474475,878.5173753738832,1676,8579.961,3.1365578,502.35425,0.17340189,11949.246,4.339767,0,,,,,337.1559365474475,0.00042744918,878.5173753738832,0.0004186425,0.0041657435,-0.016881384
1.0000056,0.00036290532,0,0.0019530792,337.1572855391503,878.5177121724174,1677,8583.795,3.136872,502.29584,0.17354073,11952.571,4.3376274,0,,,,,337.1572855391503,0.00042760905,878.5177121724174,0.00041886047,0.0041534617,-0.016681984
1.000468,0.00036289828,0,0.0019539942,337.1577553045557,878.5178253654756,1678,8585.838,3.1371357,501.9936,0.17335078,11958.098,4.337543,0,,,,,337.1577553045557,0.00042749554,878.5178253654756,0.00041873945,0.0047071804,-0.017354827
0.9996544,0.00036290797,0,0.001954909,337.1580546439374,878.5178238251428,1679,8580.03,3.136546,502.43402,0.17331854,11948.373,4.337659,0,,,,,337.1580546439374,0.0004275706,878.5178238251428,0.0004187773,0.004624119,-0.017125957
0.99976206,0.00036297008,0,0.0019558237,337.15823815653175,878.5181272956205,1680,8579.87,3.1364489,502.43054,0.17330249,11949.66,4.3384013,0,,,,,337.15823815653175,0.0004274662,878.5181272956205,0.00041876893,0.005312701,-0.017342443
0.99933916,0.00036301278,0,0.001956738,337.1573219657974,878.517756697732,1681,8578.291,3.136342,502.01376,0.17347252,11944.605,4.3389115,0,,,,,337.1573219657974,0.00042763998,878.517756697732,0.000418856,0.004944225,-0.016762316
1.0001435,0.00036311967,0,0.0019576526,337.1592938535203,878.5176706852174,1682,8584.593,3.1369624,502.31305,0.17346448,11954.22,4.3401895,0,,,,,337.1592938535203,0.00042731612,878.5176706852174,0.00041853957,0.0052067563,-0.0171638
0.9997508,0.00036308274,0,0.0019585667,337.1579412623781,878.518287648236,1683,8581.382,3.136675,502.6106,0.17336142,11949.525,4.339748,0,,,,,337.1579412623781,0.00042735256,878.518287648236,0.00041863983,0.005439572,-0.016929317
0.99975735,0.0003629933,0,0.001960395,337.15797247153125,878.5176719962701,1685,8580.233,3.1365726,503.03653,0.17311664,11949.604,4.338679,0,,,,,337.15797247153125,0.00042759115,878.5176719962701,0.00041876838,0.0051188674,-0.017088417
0.9994996,0.00036321947,0,0.0019613088,337.15871658843315,878.5179298217147,1686,8578.345,3.136487,502.9056,0.17338991,11946.523,4.341382,0,,,,,337.15871658843315,0.0004273721,878.5179298217147,0.00041871867,0.0052121445,-0.017058738
0.99992204,0.00036292305,0,0.0019622226,337.1582881822627,878.5174693773181,1687,8582.325,3.1367972,502.46542,0.17342147,11951.572,4.337839,0,,,,,337.1582881822627,0.0004274478,878.5174693773181,0.0004187381,0.004850388,-0.017064638
0.99984306,0.0003631773,0,0.001963136,337.15787664185297,878.5183282096134,1688,8580.234,3.1364858,502.0613,0.17339888,11950.628,4.340878,0,,,,,337.15787664185297,0.0004275352,878.5183282096134,0.00041872798,0.004564991,-0.017221857
1.0002658,0.00036309866,0,0.0019640494,337.1583805468115,878.5179133930986,1689,8583.442,3.1367426,502.86148,0.17347984,11955.682,4.339938,0,,,,,337.1583805468115,0.000427221,878.5179133930986,0.00041844317,0.004648069,-0.017435268
0.99953353,0.00036307125,0,0.0019649628,337.1580923008036,878.5183541536609,1690,8578.535,3.1364577,502.5776,0.173418,11946.929,4.3396106,0,,,,,337.1580923008036,0.00042750972,878.5183541536609,0.00041871285,0.0048325188,-0.017024346
0.9995225,0.000362942,0,0.001965876,337.1577456647942,878.5179854510593,1691,8577.907,3.1362855,502.32822,0.17325923,11946.797,4.3380656,0,,,,,337.1577456647942,0.00042782692,878.5179854510593,0.00041903768,0.0045519383,-0.01722902
1.0004624,0.0003631981,0,0.0019667891,337.1577808492977,878.5190275332943,1692,8588.303,3.1372557,502.41797,0.17339253,11958.03,4.341127,0,,,,,337.1577808492977,0.00042723076,878.5190275332943,0.0004184646,0.004600127,-0.016605763
1.0000123,0.0003631061,0,0.001967702,337.1584837560492,878.5184991709693,1693,8584.008,3.1369047,502.0281,0.17353566,11952.651,4.3400273,0,,,,,337.1584837560492,0.00042739572,878.5184991709693,0.00041864335,0.0042481925,-0.016856058
0.999916,0.00036304715,0,0.0019686148,337.1577527869966,878.5179033436646,1694,8583.578,3.1368027,502.7003,0.17335318,11951.5,4.3393226,0,,,,,337.1577527869966,0.00042744903,878.5179033436646,0.0004189965,0.0042395825,-0.016577816
1.000443,0.00036312576,0,0.0019695272,337.1569650261334,878.5188774911959,1695,8587.285,3.1373258,502.87885,0.17323995,11957.799,4.340262,0,,,,,337.1569650261334,0.0004273708,878.5188774911959,0.00041867464,0.0041682813,-0.016648812
0.99983364,0.00036312846,0,0.00197044,337.1576039792553,878.5189212150606,1696,8581.114,3.1367009,501.922,0.1734316,11950.516,4.3402944,0,,,,,337.1576039792553,0.00042721236,878.5189212150606,0.00041841713,0.0040195817,-0.016869253
0.99954295,0.00036314558,0,0.0019713521,337.1575223451114,878.5185999889353,1697,8580.401,3.1366143,502.8434,0.17351338,11947.041,4.340499,0,,,,,337.1575223451114,0.0004274521,878.5185999889353,0.00041871317,0.004621177,-0.016689349
0.9998111,0.0003633006,0,0.0019722644,337.15760850516244,878.5184553517046,1698,8583.795,3.136884,502.0824,0.17334078,11950.246,4.342352,0,,,,,337.15760850516244,0.00042732418,878.5184553517046,0.00041856032,0.0046258583,-0.016469538
1.0002749,0.00036334546,0,0.0019731764,337.15735722346466,878.5187974343814,1699,8587.706,3.1372914,502.34076,0.17329937,11955.789,4.342888,0,,,,,337.15735722346466,0.0004276058,878.5187974343814,0.00041878354,0.0046128095,-0.016470078
0.99989504,0.00036317256,0,0.0019740884,337.157179056064,878.5187042057614,1700,8585.187,3.1369946,502.67505,0.17335685,11951.249,4.3408213,0,,,,,337.157179056064,0.0004276391,878.5187042057614,0.00041884626,0.0047201975,-0.016293975
1.0008193,0.0003633297,0,0.0019750001,337.15775108962396,878.518263716066,1701,8593.738,3.137918,502.30972,0.1733916,11962.297,4.3426995,0,,,,,337.15775108962396,0.00042710852,878.518263716066,0.00041841384,0.004712427,-0.015989492
0.9993986,0.0003632806,0,0.001975912,337.15807916735776,878.5187391500147,1702,8580.979,3.136693,502.41608,0.17327043,11945.315,4.3421125,0,,,,,337.15807916735776,0.000427556,878.5187391500147,0.00041872883,0.0043134377,-0.016184969
1.0001764,0.0003632706,0,0.0019768234,337.1576087455043,878.5197499593123,1703,8588.69,3.1374779,502.1932,0.17346993,11954.613,4.3419933,0,,,,,337.1576087455043,0.00042737147,878.5197499593123,0.00041851844,0.004098049,-0.01591786
1.0001884,0.00036311167,0,0.0019777347,337.15737931400844,878.519104926639,1704,8586.485,3.1371589,502.73224,0.17323989,11954.755,4.3400936,0,,,,,337.15737931400844,0.00042772843,878.519104926639,0.0004189451,0.004053807,-0.016290287
0.99987835,0.00036328935,0,0.001978646,337.1578831802256,878.5186926243966,1705,8584.327,3.1369302,502.06656,0.17338446,11951.05,4.3422174,0,,,,,337.1578831802256,0.00042753803,878.5186926243966,0.00041875252,0.0040435162,-0.016146597
0.9996879,0.0003632067,0,0.001979557,337.1575652978331,878.5190499079679,1706,8583.795,3.1369371,501.9832,0.17354105,11948.773,4.3412294,0,,,,,337.1575652978331,0.0004272116,878.5190499079679,0.00041837225,0.0041795033,-0.016121427
0.99963886,0.00036324255,0,0.0019804682,337.15761455948564,878.5192374486892,1707,8585.082,3.1370625,503.05252,0.17334357,11948.1875,4.341658,0,,,,,337.15761455948564,0.00042758835,878.5192374486892,0.00041877019,0.0044376855,-0.015714636
1.0003083,0.0003632703,0,0.001981379,337.158267409239,878.5190315073263,1708,8589.496,3.1377528,502.02048,0.17329404,11956.188,4.3419895,0,,,,,337.158267409239,0.00042756496,878.5190315073263,0.00041883803,0.0043595377,-0.016040286
0.99990267,0.00036330317,0,0.0019822898,337.1576181530902,878.5198588406444,1709,8587.68,3.1372564,502.3657,0.1734106,11951.341,4.3423824,0,,,,,337.1576181530902,0.00042708643,878.5198588406444,0.00041831672,0.0041462965,-0.015587482
0.9996855,0.0003632962,0,0.0019832002,337.1577133962313,878.5199674355731,1710,8585.169,3.1371105,502.07364,0.17329368,11948.745,4.342299,0,,,,,337.1577133962313,0.00042765573,878.5199674355731,0.00041886783,0.0041949423,-0.015650291
0.9993979,0.00036328816,0,0.0019841108,337.1583433070456,878.5199571518106,1711,8583.969,3.1369379,502.0043,0.1735115,11945.307,4.342203,0,,,,,337.1583433070456,0.00042742805,878.5199571518106,0.00041866477,0.004622427,-0.01546031
0.99975455,0.000363381,0,0.001985021,337.1568590726237,878.5192883431812,1712,8586.305,3.137119,502.2368,0.17327864,11949.57,4.3433127,0,,,,,337.1568590726237,0.00042737552,878.5192883431812,0.00041856852,0.0043809577,-0.015353811
0.9995322,0.00036321484,0,0.0019859313,337.1565994215476,878.5195396216376,1713,8583.448,3.1370027,501.84436,0.17354137,11946.913,4.3413267,0,,,,,337.1565994215476,0.0004277719,878.5195396216376,0.00041890764,0.0040516397,-0.015691742
1.0001698,0.00036322154,0,0.0019868412,337.1575957503415,878.5200073924104,1714,8591.885,3.137624,501.65784,0.17342724,11954.533,4.341407,0,,,,,337.1575957503415,0.0004273661,878.5200073924104,0.00041855843,0.0038087456,-0.015145868
1.000284,0.0003634913,0,0.001987751,337.1570324396464,878.520876081954,1715,8592.707,3.1378958,502.7583,0.17332199,11955.897,4.344631,0,,,,,337.1570324396464,0.0004273344,878.520876081954,0.00041846023,0.004477305,-0.015251104
1.0002894,0.0003634388,0,0.0019886608,337.1578864520047,878.5206703004947,1716,8593.992,3.1378944,502.05344,0.1734989,11955.963,4.3440037,0,,,,,337.1578864520047,0.0004274693,878.5206703004947,0.00041867082,0.0043220962,-0.014815961
0.99977696,0.00036338033,0,0.0019895704,337.15783612812334,878.520706055728,1717,8588.45,3.1374614,503.17673,0.17336953,11949.838,4.3433046,0,,,,,337.15783612812334,0.00042768315,878.520706055728,0.00041888797,0.0042816848,-0.015093761
0.99988633,0.0003632631,0,0.0019904799,337.15811737917795,878.5210684632356,1718,8590.254,3.1375105,501.65314,0.17345898,11951.1455,4.3419037,0,,,,,337.15811737917795,0.00042706824,878.5210684632356,0.00041838357,0.0043911403,-0.015012402
1.0000517,0.00036335748,0,0.0019913893,337.1577035246491,878.5207936070614,1719,8592.426,3.137688,502.476,0.17352219,11953.122,4.343032,0,,,,,337.1577035246491,0.0004274224,878.5207936070614,0.00041865394,0.004368583,-0.014996847
1.0001258,0.0003634145,0,0.0019922983,337.1573552208696,878.5198125837954,1720,8593.283,3.1379085,502.35776,0.17345129,11954.008,4.3437133,0,,,,,337.1573552208696,0.00042735014,878.5198125837954,0.00041853855,0.004319241,-0.014675421
0.9997699,0.00036320035,0,0.0019932075,337.1577619353146,878.520742873763,1721,8587.718,3.1373305,502.09845,0.17342147,11949.754,4.3411536,0,,,,,337.1577619353146,0.00042725258,878.520742873763,0.0004185041,0.0038573097,-0.0152902175
0.99918,0.00036328944,0,0.0019941165,337.1567983989696,878.520510827067,1722,8584.332,3.1369216,502.62747,0.17330511,11942.703,4.3422184,0,,,,,337.1567983989696,0.0004277607,878.520510827067,0.00041891178,0.004072226,-0.014761886
0.9999425,0.0003632461,0,0.0019950252,337.1574409793537,878.5201185700862,1723,8590.804,3.1376243,502.6924,0.1733741,11951.816,4.3417006,0,,,,,337.1574409793537,0.00042752526,878.5201185700862,0.0004187749,0.004273603,-0.015030445
0.99981296,0.0003634015,0,0.0019959337,337.1574440597684,878.5214604573866,1724,8591.834,3.1377406,501.98566,0.17339422,11950.269,4.343558,0,,,,,337.1574440597684,0.00042744927,878.5214604573866,0.0004186887,0.0042169075,-0.014554416
0.99963933,0.0003633228,0,0.0019968422,337.1576536129806,878.5206518912782,1725,8589.668,3.1375868,502.50125,0.17351082,11948.193,4.342617,0,,,,,337.1576536129806,0.0004277554,878.5206518912782,0.0004189743,0.0041409195,-0.014617079
1.0000541,0.000363282,0,0.0019977505,337.1578205993891,878.5211630346313,1726,8595.469,3.1379962,502.63443,0.17347175,11953.15,4.342129,0,,,,,337.1578205993891,0.00042759255,878.5211630346313,0.00041884062,0.004759398,-0.014183696
0.9997637,0.00036330873,0,0.0019986588,337.1576021351218,878.5211427096899,1727,8592.795,3.1377902,502.40076,0.17343467,11949.68,4.342449,0,,,,,337.1576021351218,0.00042745963,878.5211427096899,0.00041871073,0.004302734,-0.014315177
0.99983895,0.00036331482,0,0.0019995668,337.1576665391949,878.5215357830356,1728,8594.288,3.138003,502.26932,0.17349051,11950.579,4.3425217,0,,,,,337.1576665391949,0.0004274295,878.5215357830356,0.00041864446,0.004098068,-0.013953387
0.9993455,0.0003632653,0,0.0020004748,337.1568757517452,878.5215892037934,1729,8589.845,3.1375031,502.71854,0.17339197,11944.681,4.34193,0,,,,,337.1568757517452,0.0004276937,878.5215892037934,0.00041889452,0.0045431633,-0.013959648
1.0000902,0.00036337163,128,0.0020013826,337.1579025073636,878.5212378307375,1730,8595.058,3.1386025,501.67328,0.17348316,11953.582,4.3432007,128,,,,,337.1579025073636,0.00042721283,878.5212378307375,0.00041837303,0.0038020168,-0.014161667
1.0001066,0.00036348606,0,0.0020022902,337.15691947452285,878.5213439468456,1731,8595.93,3.1381872,501.88187,0.17335244,11953.777,4.3445687,0,,,,,337.15691947452285,0.00042720803,878.5213439468456,0.0004183748,0.0038409578,-0.014056913
0.9998244,0.00036348423,0,0.0020031978,337.1570515028685,878.5213023421144,1732,8593.143,3.1378706,502.39017,0.17338322,11950.405,4.344547,0,,,,,337.1570515028685,0.00042768233,878.5213023421144,0.00041890005,0.0041350825,-0.01421132
0.999834,0.00036336036,0,0.0020041051,337.15725651431063,878.5212398156501,1733,8594.99,3.1379242,502.04987,0.17343782,11950.52,4.343066,0,,,,,337.15725651431063,0.0004272635,878.5212398156501,0.00041851797,0.004141317,-0.0139599135
1.0003461,0.0003634329,0,0.0020050125,337.1573190534333,878.5221628081887,1734,8598.738,3.1382852,501.7153,0.17338134,11956.64,4.343933,0,,,,,337.1573190534333,0.0004274541,878.5221628081887,0.00041860828,0.0038839432,-0.0139441835
1.000315,0.0003632766,0,0.0020059193,337.15771184752964,878.5218719686593,1735,8600.325,3.138447,502.09677,0.17348161,11956.269,4.342065,0,,,,,337.15771184752964,0.0004270245,878.5218719686593,0.0004182882,0.004660879,-0.013719763
0.9995992,0.00036328955,0,0.0020068265,337.15775857190164,878.5228241616884,1736,8594.518,3.137892,502.26663,0.17339383,11947.714,4.34222,0,,,,,337.15775857190164,0.00042766062,878.5228241616884,0.00041886908,0.004740513,-0.013557922
0.99996716,0.00036333944,0,0.0020077333,337.157430709912,878.5227604184943,1737,8598.759,3.1383195,501.95572,0.1733415,11952.111,4.342816,0,,,,,337.157430709912,0.0004273909,878.5227604184943,0.00041865295,0.004845623,-0.013169847
1.0003049,0.0003635361,0,0.00200864,337.15741682631653,878.522102737816,1738,8600.972,3.1385596,502.09622,0.17335816,11956.148,4.3451667,0,,,,,337.15741682631653,0.00042717071,878.522102737816,0.0004183372,0.004354326,-0.013326665
1.0000975,0.00036346613,0,0.0020095464,337.1577459802508,878.5224992212137,1739,8598.13,3.1382363,502.11862,0.17336945,11953.669,4.3443303,0,,,,,337.1577459802508,0.00042741277,878.5224992212137,0.0004185955,0.00359552,-0.013294284
0.9999151,0.0003633737,0,0.0020104528,337.1573356869042,878.5222834468178,1740,8596.086,3.1380353,501.7664,0.17345284,11951.489,4.3432255,0,,,,,337.1573356869042,0.000427482,878.5222834468178,0.0004186409,0.0043153334,-0.01391248
1.0002644,0.00036331,0,0.002011359,337.1568516651461,878.5225536736281,1741,8601.244,3.138654,501.5415,0.17324547,11955.664,4.3424644,0,,,,,337.1568516651461,0.00042734214,878.5225536736281,0.0004185689,0.0045448225,-0.013268683
1.0001756,0.00036341537,0,0.0020122651,337.15733281237493,878.5228383136798,1742,8601.594,3.1384425,501.78036,0.17331138,11954.603,4.343724,0,,,,,337.15733281237493,0.00042729624,878.5228383136798,0.0004184988,0.004198287,-0.01299384
1.0001671,0.0003634034,0,0.002013171,337.15692379280915,878.5228662619638,1743,8603.022,3.1387289,501.70056,0.17356242,11954.501,4.3435807,0,,,,,337.15692379280915,0.0004273276,878.5228662619638,0.0004185108,0.004856961,-0.012898182
0.9995407,0.000363322,0,0.002014077,337.15770607200477,878.5243064116454,1744,8597.13,3.1380281,501.66003,0.17338279,11947.014,4.3426075,0,,,,,337.15770607200477,0.0004273862,878.5243064116454,0.0004185699,0.0048749726,-0.012825933
1.0000918,0.0003633621,0,0.0020149825,337.1577028553318,878.5228784910568,1745,8603.594,3.138808,501.46085,0.17335555,11953.602,4.343087,0,,,,,337.1577028553318,0.00042722694,878.5228784910568,0.00041847787,0.004763582,-0.012410501
1.00004,0.00036345626,0,0.0020158882,337.15791499153175,878.5237114397563,1746,8603.131,3.1388023,501.3437,0.17332055,11952.982,4.3442125,0,,,,,337.15791499153175,0.00042739772,878.5237114397563,0.0004185743,0.004534579,-0.012280676
0.9996508,0.0003634587,0,0.0020167935,337.1575589678487,878.5239754342871,1747,8600.797,3.1385477,501.19016,0.17340958,11948.33,4.3442416,0,,,,,337.1575589678487,0.00042740867,878.5239754342871,0.00041859777,0.004544754,-0.0121156415
1.0001746,0.00036347678,0,0.0020176987,337.1576111844599,878.5244227538697,1748,8605.325,3.1389356,501.64087,0.17336056,11954.592,4.3444576,0,,,,,337.1576111844599,0.00042728902,878.5244227538697,0.00041845127,0.004089325,-0.011680289
1.0003558,0.00036354782,0,0.002018604,337.1572062162495,878.5233596229982,1749,8603.916,3.1387618,501.49774,0.17319882,11956.757,4.345307,0,,,,,337.1572062162495,0.00042700654,878.5233596229982,0.00041813552,0.0037635288,-0.012540587
0.9996974,0.00036338528,0,0.002019509,337.15718254063097,878.5238037191268,1750,8600.2,3.1384802,501.12985,0.17335594,11948.887,4.343364,0,,,,,337.15718254063097,0.0004272363,878.5238037191268,0.0004184253,0.0037863709,-0.012092898
1.0003009,0.00036347,0,0.0020204138,337.15722669816694,878.523344319006,1751,8605.162,3.1388636,501.24823,0.1734011,11956.101,4.3443766,0,,,,,337.15722669816694,0.00042725034,878.523344319006,0.00041841852,0.0036754254,-0.012191922
0.9995729,0.0003634243,0,0.0020213185,337.15729231616166,878.5246309416639,1752,8602.198,3.1386151,501.0878,0.17347904,11947.398,4.3438306,0,,,,,337.15729231616166,0.0004274701,878.5246309416639,0.00041860365,0.004346119,-0.011350046
1.0000674,0.00036359965,0,0.002022223,337.15732270270524,878.5242528056527,1753,8605.814,3.1388466,501.4654,0.1734165,11953.31,4.3459263,0,,,,,337.15732270270524,0.0004272276,878.5242528056527,0.00041836564,0.003619761,-0.011519787
1.0005186,0.00036366528,0,0.0020231274,337.1576401490452,878.5255848496668,1754,8610.623,3.1394565,501.08817,0.1732658,11958.702,4.3467107,0,,,,,337.1576401490452,0.00042719234,878.5255848496668,0.00041834623,0.0034346506,-0.010868564
0.99978316,0.0003633558,0,0.0020240317,337.1571101067503,878.525260957335,1755,8605.194,3.138984,501.08673,0.173454,11949.912,4.3430114,0,,,,,337.1571101067503,0.00042730718,878.525260957335,0.00041844478,0.0041373773,-0.010844268
0.9996058,0.0003634884,0,0.0020249358,337.15769712044766,878.5254952283634,1756,8604.658,3.138971,501.36966,0.17333181,11947.792,4.3445964,0,,,,,337.15769712044766,0.0004275809,878.5254952283634,0.000418822,0.0041463985,-0.010692365
0.9999791,0.00036366304,0,0.0020258399,337.15701493501507,878.5250708027658,1757,8607.106,3.139072,500.98856,0.17344399,11952.254,4.346684,0,,,,,337.15701493501507,0.00042760675,878.5250708027658,0.0004187095,0.0038363568,-0.010733837
0.9995883,0.00036357867,0,0.0020267437,337.15611657622424,878.5253668562467,1758,8603.639,3.1386929,501.10706,0.17329013,11947.583,4.3456755,0,,,,,337.15611657622424,0.00042735407,878.5253668562467,0.00041854594,0.003348549,-0.010735806
1.0001723,0.00036365635,0,0.0020276473,337.15711711914366,878.5262055584102,1759,8609.175,3.1392074,501.4228,0.17342767,11954.563,4.346604,0,,,,,337.15711711914366,0.00042716748,878.5262055584102,0.00041830292,0.0039328,-0.010821973
0.99978125,0.00036358426,0,0.002028551,337.1571117757897,878.5254228706351,1760,8604.266,3.138901,501.2261,0.17340662,11949.89,4.345742,0,,,,,337.1571117757897,0.00042743512,878.5254228706351,0.00041859943,0.0040221536,-0.011229025
0.9989436,0.0003632536,0,0.0020294543,337.1577442926706,878.5244943070419,1761,8596.992,3.137972,500.49777,0.17359377,11939.878,4.34179,0,,,,,337.1577442926706,0.00042760518,878.5244943070419,0.00041877714,0.004370455,-0.011425957
0.9999802,0.00036349936,0,0.0020303575,337.158213890949,878.525844506741,1762,8607.08,3.1390636,501.18277,0.173413,11952.268,4.3447275,0,,,,,337.158213890949,0.00042738116,878.525844506741,0.00041857135,0.004755265,-0.011286342
1.0002518,0.0003632533,0,0.0020312606,337.1574838863092,878.5252472977701,1763,8610.3955,3.1394105,501.04846,0.17334108,11955.513,4.3417864,0,,,,,337.1574838863092,0.0004273489,878.5252472977701,0.00041849076,0.004902498,-0.011421005
0.9996405,0.00036313565,0,0.0020321636,337.1577755076228,878.5246336541503,1764,8603.449,3.1386583,500.23785,0.17339803,11948.207,4.34038,0,,,,,337.1577755076228,0.00042709688,878.5246336541503,0.00041829774,0.005239881,-0.011833899
1.0004314,0.0003631049,0,0.0020330665,337.15747140195293,878.5258296425536,1765,8611.737,3.1395216,501.1272,0.17347811,11957.66,4.3400126,0,,,,,337.15747140195293,0.00042716434,878.5258296425536,0.0004183955,0.0049836393,-0.0113839
1.0005628,0.00036347646,0,0.0020339692,337.1575539720854,878.5244748148502,1766,8611.87,3.139579,500.99304,0.17328782,11959.23,4.344454,0,,,,,337.1575539720854,0.00042718486,878.5244748148502,0.00041843086,0.0048267446,-0.011613242
0.9997557,0.00036317346,0,0.0020348718,337.1578944233753,878.525473540891,1767,8607.103,3.1389842,501.00372,0.17339312,11949.584,4.340832,0,,,,,337.1578944233753,0.00042708067,878.525473540891,0.00041834975,0.0050953394,-0.011040764
0.99944466,0.00036323562,0,0.002035774,337.156664786036,878.5246782380567,1768,8604.331,3.1389484,500.4352,0.17361937,11945.866,4.341575,0,,,,,337.156664786036,0.00042744423,878.5246782380567,0.00041860706,0.0048769168,-0.0111192195
0.9999258,0.0003631366,0,0.0020366765,337.15865356943084,878.5254686817517,1769,8609.547,3.1393306,500.92902,0.17344368,11951.617,4.3403916,0,,,,,337.15865356943084,0.0004272131,878.5254686817517,0.00041846896,0.0051620877,-0.010770791
1.0000802,0.0003630853,0,0.0020375785,337.1572988059796,878.5250367465102,1770,8609.117,3.1393857,500.94598,0.17342219,11953.463,4.3397784,0,,,,,337.1572988059796,0.00042721603,878.5250367465102,0.00041846803,0.005380271,-0.011188848
0.9997909,0.00036320306,0,0.0020384805,337.1577507172763,878.5250658335082,1771,8606.647,3.138923,500.31564,0.17328681,11950.005,4.341186,0,,,,,337.1577507172763,0.00042697176,878.5250658335082,0.0004181866,0.005227902,-0.0112342425
1.0004749,0.00036355443,0,0.0020393822,337.1573652209581,878.5255725429171,1772,8611.229,3.13955,501.04578,0.1734018,11958.181,4.3453856,0,,,,,337.1573652209581,0.00042701865,878.5255725429171,0.00041817757,0.004642127,-0.011402815
1.0006937,0.00036352672,0,0.002040284,337.157622231035,878.5260468588804,1773,8615.518,3.1399415,500.81857,0.17352368,11960.795,4.3450546,0,,,,,337.157622231035,0.00042703253,878.5260468588804,0.00041823075,0.004464402,-0.010872799
0.99984026,0.0003634701,0,0.0020411855,337.15721183099583,878.5247641906961,1774,8607.933,3.1391203,501.33774,0.17330262,11950.595,4.344378,0,,,,,337.15721183099583,0.00042716874,878.5247641906961,0.00041835645,0.004627887,-0.01090003
0.9999018,0.000363255,0,0.002042087,337.15763473730533,878.5255239197817,1775,8609.05,3.1392725,501.28494,0.17328407,11951.33,4.341807,0,,,,,337.15763473730533,0.00042729883,878.5255239197817,0.0004185568,0.0049167383,-0.010878588
0.9992368,0.00036297287,0,0.0020429883,337.1574478431417,878.5250597961029,1776,8602.827,3.1385953,500.55664,0.17354327,11943.382,4.3384347,0,,,,,337.1574478431417,0.00042752427,878.5250597961029,0.0004186387,0.005297614,-0.010983925
0.9999228,0.000363017,0,0.0020438894,337.15783741748874,878.5267494536672,1777,8609.947,3.1393106,501.18646,0.1732924,11951.581,4.338962,0,,,,,337.15783741748874,0.0004271328,878.5267494536672,0.00041831765,0.0053100097,-0.010658425
1.0002753,0.0003630138,0,0.0020447902,337.15713883464355,878.5262909404494,1778,8614.293,3.1397266,500.88858,0.1732949,11955.794,4.338924,0,,,,,337.15713883464355,0.0004270613,878.5262909404494,0.0004182733,0.0051464615,-0.01036191
0.99951607,0.00036287497,0,0.002045691,337.1574602856329,878.5254363529381,1779,8608.321,3.1393273,499.9937,0.17366007,11946.72,4.3372645,0,,,,,337.1574602856329,0.00042736702,878.5254363529381,0.00041857263,0.005301635,-0.010333334
0.9995399,0.00036283061,0,0.0020465918,337.15810680005353,878.5263786896265,1780,8608.977,3.1391258,500.07965,0.17326306,11947.005,4.3367343,0,,,,,337.15810680005353,0.00042730916,878.5263786896265,0.0004184424,0.0051595294,-0.010017668
1.0003791,0.00036322023,0,0.0020474924,337.15732507531897,878.526201116359,1781,8616.617,3.1400158,500.93295,0.17344765,11957.035,4.341391,0,,,,,337.15732507531897,0.0004270841,878.526201116359,0.00041830188,0.0052121854,-0.009995909
1.0000169,0.00036318117,0,0.0020483928,337.1572976409554,878.5263167319057,1782,8613.368,3.1396248,499.8875,0.173457,11952.706,4.3409243,0,,,,,337.1572976409554,0.0004269405,878.5263167319057,0.0004181881,0.0050143115,-0.009906559
1.0000868,0.00036320183,0,0.002049293,337.15744271610697,878.5264185552412,1783,8613.864,3.1396968,500.68857,0.17342496,11953.541,4.3411713,0,,,,,337.15744271610697,0.00042715925,878.5264185552412,0.00041839157,0.005216133,-0.010121205
0.9994779,0.0003627979,0,0.002050193,337.157493202413,878.5266740191743,1784,8609.127,3.1392357,501.01642,0.17321174,11946.264,4.3363433,0,,,,,337.157493202413,0.00042746417,878.5266740191743,0.0004186875,0.005379496,-0.010023835
0.9999679,0.0003634121,0,0.002051093,337.15786272824465,878.5265373955427,1785,8612.068,3.139523,500.92676,0.17346491,11952.12,4.3436847,0,,,,,337.15786272824465,0.0004272923,878.5265373955427,0.00041843712,0.0045765657,-0.010155037
0.999912,0.0003634066,0,0.0020519928,337.15724694267857,878.5267270561342,1786,8610.954,3.1392877,499.93896,0.17345908,11951.452,4.343619,0,,,,,337.15724694267857,0.0004275036,878.5267270561342,0.00041867816,0.004829892,-0.010287846
0.9998594,0.00036344203,0,0.0020528925,337.15683865289213,878.5267716123451,1787,8611.832,3.1394334,500.8058,0.17331633,11950.823,4.3440423,0,,,,,337.15683865289213,0.00042731425,878.5267716123451,0.00041852522,0.0048803175,-0.0099558355
0.9995716,0.00036306668,0,0.002053792,337.1571481313566,878.527692295583,1788,8609.807,3.139178,500.47446,0.1733384,11947.384,4.3395557,0,,,,,337.1571481313566,0.000427244,878.527692295583,0.00041839978,0.0050209877,-0.009979563
0.9995271,0.000363481,0,0.0020546913,337.1568623447242,878.5264794193209,1789,8610.068,3.139302,500.25183,0.17344864,11946.852,4.344508,0,,,,,337.1568623447242,0.00042745192,878.5264794193209,0.0004186161,0.004734225,-0.009780961
1.000176,0.00036312506,0,0.0020555905,337.1566294677596,878.5273480357765,1790,8616.236,3.1401944,501.34796,0.17341562,11954.607,4.340254,0,,,,,337.1566294677596,0.00042719752,878.5273480357765,0.00041837821,0.004941524,-0.00940755
1.0003107,0.00036328202,0,0.0020564897,337.15766849389354,878.5269362152259,1791,8617.507,3.1401184,500.5641,0.17339255,11956.218,4.3421297,0,,,,,337.15766849389354,0.0004271947,878.5269362152259,0.00041831948,0.005039399,-0.009529329
0.99988437,0.00036280588,0,0.0020573887,337.1573710160012,878.5269909777436,1792,8614.74,3.139958,501.08896,0.17311981,11951.122,4.3364387,0,,,,,337.1573710160012,0.00042741714,878.5269909777436,0.00041860534,0.0053225183,-0.009429175
1.0001092,0.00036270244,0,0.0020582874,337.1567668934142,878.5266475773949,1793,8616.278,3.1399589,500.3981,0.1733501,11953.81,4.335202,0,,,,,337.1567668934142,0.00042743716,878.5266475773949,0.00041861605,0.0054954477,-0.00960897
0.9997558,0.000362912,0,0.002059186,337.15789592073264,878.5275670172686,1794,8614.144,3.1397038,500.73383,0.17336121,11949.585,4.337707,0,,,,,337.15789592073264,0.00042725328,878.5275670172686,0.00041845933,0.0050753667,-0.009196939
1.0001305,0.00036323513,0,0.0020600846,337.1570939810812,878.5270718481473,1795,8615.66,3.1399012,500.57983,0.17338935,11954.063,4.3415694,0,,,,,337.1570939810812,0.0004271153,878.5270718481473,0.00041834376,0.0046345,-0.009589469
1.0000299,0.00036289412,0,0.0020609829,337.15687933295123,878.5274448617258,1796,8617.899,3.1400065,499.97665,0.17353818,11952.861,4.3374934,0,,,,,337.15687933295123,0.0004272342,878.5274448617258,0.00041840153,0.005505815,-0.009037557
0.9994769,0.00036294633,0,0.0020618811,337.15761299200466,878.527416527864,1797,8612.381,3.1395693,500.16342,0.17357418,11946.252,4.3381176,0,,,,,337.15761299200466,0.00042758786,878.527416527864,0.0004187946,0.005274081,-0.009190549
1.0004054,0.00036294997,0,0.0020627792,337.157062930187,878.5272593467985,1798,8621.11,3.140441,500.29614,0.17336269,11957.35,4.338161,0,,,,,337.157062930187,0.000427408,878.5272593467985,0.00041864,0.0050018164,-0.009076107
0.9992864,0.0003631333,0,0.002063677,337.15719885938955,878.5279593191608,1799,8611.696,3.1394608,500.345,0.17324007,11943.975,4.340352,0,,,,,337.15719885938955,0.00042722753,878.5279593191608,0.00041847344,0.0047177416,-0.008654831
1.0001451,0.00036349797,0,0.0020645747,337.1561445431156,878.5287653477574,1800,8620.024,3.1403818,499.46664,0.17344843,11954.238,4.344711,0,,,,,337.1561445431156,0.00042733602,878.5287653477574,0.00041834687,0.004323019,-0.008509495
1.0009066,0.00036334348,0,0.0020654725,337.15660167233045,878.5286134746688,1801,8627.793,3.1410358,500.03882,0.17322977,11963.34,4.3428645,0,,,,,337.15660167233045,0.00042690063,878.5286134746688,0.00041806875,0.0044597816,-0.008448651
0.9995669,0.00036355003,0,0.0020663699,337.156347713736,878.5278297412555,1802,8615.821,3.1397703,499.92416,0.17334154,11947.327,4.345333,0,,,,,337.156347713736,0.00042736085,878.5278297412555,0.00041853005,0.0041837213,-0.008251546
1.0002526,0.00036325396,0,0.0020672672,337.1566578004266,878.5284719385038,1803,8622.348,3.1405323,499.8787,0.17334312,11955.523,4.3417945,0,,,,,337.1566578004266,0.00042711108,878.5284719385038,0.00041827513,0.004068021,-0.008100852
1.0000193,0.00036342154,0,0.0020681643,337.1569381573642,878.5281193629023,1804,8620.293,3.1402779,500.2502,0.1734139,11952.735,4.343797,0,,,,,337.1569381573642,0.00042712563,878.5281193629023,0.0004182816,0.0041690078,-0.00829338
0.99979776,0.0003634534,0,0.0020690614,337.1566862767396,878.5288156598485,1805,8618.114,3.1400054,499.88794,0.17337823,11950.087,4.344178,0,,,,,337.1566862767396,0.00042728247,878.5288156598485,0.0004183261,0.0038576534,-0.008002007
1.000371,0.0003635728,0,0.0020699583,337.1560170741982,878.5298853666953,1806,8623.852,3.140537,499.43988,0.1734772,11956.9375,4.3456054,0,,,,,337.1560170741982,0.00042686745,878.5298853666953,0.00041803584,0.0043460755,-0.008275336
0.9997838,0.00036346083,0,0.0020708551,337.1561113061379,878.5296093680464,1807,8619.457,3.1401072,499.71786,0.1734916,11949.92,4.344267,0,,,,,337.1561113061379,0.00042690124,878.5296093680464,0.00041811162,0.004097247,-0.0077565564
1.0000131,0.00036357774,0,0.0020717517,337.15614095288447,878.5292515436018,1808,8620.459,3.1404126,500.21872,0.173391,11952.66,4.3456645,0,,,,,337.15614095288447,0.00042724726,878.5292515436018,0.00041836337,0.0039054838,-0.008067992
0.999608,0.00036336706,0,0.0020726481,337.15673793058244,878.5287838651828,1809,8618.321,3.1400783,499.856,0.1734145,11947.818,4.3431463,0,,,,,337.15673793058244,0.00042729382,878.5287838651828,0.0004184386,0.004016266,-0.00774504
1.0007522,0.00036340687,0,0.0020735443,337.156843770669,878.529208618207,1810,8627.266,3.140955,500.05383,0.1732825,11961.494,4.343622,0,,,,,337.156843770669,0.00042683908,878.529208618207,0.00041803427,0.0038712795,-0.007991886
1.0008457,0.00036325402,0,0.0020744405,337.1569606015028,878.5293561797906,1811,8630.0,3.1410244,499.64365,0.17326964,11962.612,4.341795,0,,,,,337.1569606015028,0.00042674397,878.5293561797906,0.00041791872,0.004446749,-0.007687812
0.99976754,0.00036342838,0,0.0020753364,337.1560548985638,878.5291421934393,1812,8619.253,3.1400695,499.62115,0.17327861,11949.726,4.343879,0,,,,,337.1560548985638,0.0004273653,878.5291421934393,0.00041841157,0.0040083653,-0.008010145
1.0005927,0.00036350798,0,0.0020762323,337.15706088913566,878.5297977741749,1813,8626.738,3.1408195,499.98056,0.17333627,11959.589,4.3448305,0,,,,,337.15706088913566,0.00042681716,878.5297977741749,0.00041798735,0.0040578395,-0.0077557233
1.0001768,0.0003636751,0,0.002077128,337.15647567065474,878.5288796065095,1814,8623.069,3.1404696,499.57803,0.17311922,11954.617,4.346828,0,,,,,337.15647567065474,0.0004270694,878.5288796065095,0.00041825158,0.0038809043,-0.007831504
1.0005615,0.00036334226,0,0.0020780235,337.1560585912155,878.5292389932853,1815,8625.902,3.1406803,499.47894,0.1732456,11959.215,4.3428497,0,,,,,337.1560585912155,0.00042707656,878.5292389932853,0.00041823823,0.0041266587,-0.007931692
0.9992967,0.00036342695,0,0.002078919,337.15716593416715,878.5300890860016,1816,8616.035,3.1398408,499.45868,0.17330453,11944.098,4.343862,0,,,,,337.15716593416715,0.00042741842,878.5300890860016,0.00041854996,0.0034809806,-0.0077026277
1.0002502,0.00036340332,0,0.0020798142,337.15581600199647,878.530432765981,1817,8625.567,3.140708,498.9684,0.1733649,11955.494,4.34358,0,,,,,337.15581600199647,0.00042704592,878.530432765981,0.00041807556,0.0037191748,-0.007336609
1.0002348,0.0003635723,0,0.0020807094,337.15647846590025,878.5302144620163,1818,8624.119,3.140583,498.84036,0.17321077,11955.311,4.345599,0,,,,,337.15647846590025,0.00042711117,878.5302144620163,0.00041824408,0.0038516433,-0.0075709485
1.0001254,0.00036361665,0,0.0020816044,337.15661398342866,878.5305830146737,1819,8624.036,3.1404746,499.01315,0.17355284,11954.003,4.3461294,0,,,,,337.15661398342866,0.0004270456,878.5305830146737,0.0004181918,0.0037037327,-0.007425556
0.9995168,0.0003634258,0,0.0020824992,337.15670088823606,878.5297629658279,1820,8619.858,3.140162,499.06357,0.17342837,11946.729,4.343848,0,,,,,337.15670088823606,0.00042756568,878.5297629658279,0.00041872513,0.0037917134,-0.0071536964
0.9997244,0.00036327878,0,0.0020833937,337.15672362131716,878.5294565674303,1821,8621.165,3.1402373,499.07492,0.17327233,11949.21,4.342091,0,,,,,337.15672362131716,0.00042724525,878.5294565674303,0.0004183912,0.003938355,-0.007471462
1.0009211,0.00036335547,0,0.0020842883,337.15663503733344,878.5299463692506,1822,8630.675,3.1411502,499.48346,0.17332777,11963.514,4.3430076,0,,,,,337.15663503733344,0.0004265769,878.5299463692506,0.0004176919,0.0036103262,-0.0075459094
1.0003487,0.00036367992,0,0.0020851828,337.1561406865704,878.529926631315,1823,8625.912,3.1407964,499.48883,0.17333959,11956.672,4.3468857,0,,,,,337.1561406865704,0.00042725663,878.529926631315,0.00041833357,0.0033171652,-0.007454912
1.0004771,0.00036357768,0,0.002086077,337.1577958581039,878.5301958799605,1824,8627.604,3.1409328,498.88156,0.17336859,11958.206,4.3456635,0,,,,,337.1577958581039,0.00042685363,878.5301958799605,0.0004180856,0.003543918,-0.007317969
1.0003386,0.0003635309,0,0.002086971,337.15698596001357,878.5297232739046,1825,8625.165,3.1405282,499.04626,0.17323637,11956.55,4.3451047,0,,,,,337.15698596001357,0.00042694213,878.5297232739046,0.00041812164,0.0037935805,-0.007864537
0.9993601,0.0003632818,0,0.0020878648,337.15558854705705,878.5287003347563,1826,8617.575,3.1399705,499.09918,0.17332385,11944.855,4.3421273,0,,,,,337.15558854705705,0.0004273188,878.5287003347563,0.00041846122,0.0037266172,-0.0074404464
0.9996337,0.00036359072,0,0.0020887586,337.15563140206183,878.5297479422381,1827,8620.054,3.1402009,499.28802,0.17324007,11948.126,4.3458195,0,,,,,337.15563140206183,0.00042743847,878.5297479422381,0.00041855927,0.0037454094,-0.0073800064
1.0003281,0.0003630905,0,0.0020896522,337.1568305744828,878.5297518158585,1828,8626.702,3.1407225,498.81854,0.1732993,11956.425,4.339841,0,,,,,337.1568305744828,0.00042693585,878.5297518158585,0.00041814227,0.0039476356,-0.0072553344
0.9993159,0.00036347282,0,0.0020905458,337.1564354987296,878.5304550575722,1829,8619.688,3.1400979,499.31253,0.17315967,11944.327,4.3444104,0,,,,,337.1564354987296,0.00042746315,878.5304550575722,0.0004185295,0.0033439104,-0.0067683086
1.0000069,0.00036374165,0,0.0020923323,337.1557961590562,878.5311438578437,1831,8625.302,3.1406393,499.46625,0.17322226,11952.587,4.3476233,0,,,,,337.1557961590562,0.0004271701,878.5311438578437,0.0004182364,0.002511563,-0.0063774944
0.9994468,0.00036373365,0,0.0020932253,337.1551142046803,878.5316018709357,1832,8620.526,3.140128,498.9047,0.17347574,11945.892,4.347528,0,,,,,337.1551142046803,0.00042746752,878.5316018709357,0.00041848957,0.0019561923,-0.0061765322
0.99953324,0.00036352445,0,0.0020941182,337.1555564120975,878.529478139074,1833,8618.802,3.1399243,499.0131,0.1732625,11946.925,4.3450274,0,,,,,337.1555564120975,0.00042713564,878.529478139074,0.000418206,0.00192906,-0.006934588
1.0001767,0.00036356755,0,0.0020950108,337.1559458180337,878.5309646326841,1834,8624.075,3.1405518,498.05676,0.1735295,11954.615,4.3455424,0,,,,,337.1559458180337,0.00042698783,878.5309646326841,0.00041804803,0.0018878677,-0.0069985106
0.99958575,0.00036364832,0,0.0020959035,337.15508846698623,878.5307260134509,1835,8620.629,3.1402273,498.8331,0.17322053,11947.553,4.346508,0,,,,,337.15508846698623,0.0004274662,878.5307260134509,0.0004184926,0.0020146265,-0.006474752
0.9998954,0.00036371814,0,0.002096796,337.1560905851327,878.5308289294704,1836,8624.258,3.1405513,499.1958,0.17325087,11951.254,4.3473425,0,,,,,337.1560905851327,0.0004274185,878.5308289294704,0.0004184453,0.002118064,-0.006121134
1.0000716,0.0003636735,0,0.0020976881,337.1557853267594,878.5309841575847,1837,8624.812,3.1406474,499.68063,0.17332372,11953.36,4.346809,0,,,,,337.1557853267594,0.00042718128,878.5309841575847,0.00041828316,0.002478068,-0.006580035
1.00016,0.00036377556,0,0.0020985804,337.1557763408965,878.5320527321203,1838,8628.107,3.1409445,498.93005,0.17340237,11954.416,4.3480287,0,,,,,337.1557763408965,0.0004270247,878.5320527321203,0.00041810065,0.0024609072,-0.0058668875
0.9999422,0.00036376866,0,0.0020994723,337.1548326924628,878.5316614460511,1839,8624.968,3.1406918,499.5916,0.1733108,11951.8125,4.347946,0,,,,,337.1548326924628,0.00042734374,878.5316614460511,0.00041836695,0.0015995038,-0.0060115885
1.0003313,0.00036339628,0,0.002100364,337.154450599774,878.5313569952326,1840,8628.258,3.14092,498.57294,0.17335209,11956.464,4.3434954,0,,,,,337.154450599774,0.00042728827,878.5313569952326,0.00041832647,0.0013092016,-0.0058164466
1.0003988,0.00036380015,0,0.0021012558,337.15527051302416,878.530475689035,1841,8627.31,3.1407945,498.86996,0.17342645,11957.27,4.348323,0,,,,,337.15527051302416,0.0004270714,878.530475689035,0.00041809876,0.0017160156,-0.006305658
1.0003468,0.00036372954,0,0.0021021473,337.1553470446125,878.5318938374402,1842,8628.877,3.1410277,498.89722,0.17344165,11956.649,4.347479,0,,,,,337.1553470446125,0.0004267751,878.5318938374402,0.00041792955,0.0022155305,-0.0062018894
1.0008322,0.0003637572,0,0.0021030386,337.1547282611634,878.5319181756414,1843,8632.685,3.1414342,499.3765,0.17325485,11962.45,4.3478093,0,,,,,337.1547282611634,0.0004269077,878.5319181756414,0.0004180725,0.001963336,-0.00615855
1.0006034,0.000363538,0,0.0021039299,337.1554000932871,878.5304639529,1844,8630.116,3.1411602,498.51758,0.17333086,11959.716,4.3451896,0,,,,,337.1554000932871,0.00042721655,878.5304639529,0.0004182547,0.002158333,-0.0064036823
0.9993342,0.00036357736,0,0.002104821,337.15588499127597,878.5301417077252,1845,8619.826,3.14003,499.4128,0.17326415,11944.546,4.3456597,0,,,,,337.15588499127597,0.00042707942,878.5301417077252,0.00041829518,0.0029637578,-0.00659293
0.99964297,0.00036353123,0,0.0021057117,337.15497999424326,878.5310244910671,1846,8622.448,3.1403787,499.44638,0.1733775,11948.236,4.3451085,0,,,,,337.15497999424326,0.00042735355,878.5310244910671,0.00041836748,0.002613871,-0.006695387
1.0002229,0.000363742,0,0.0021066025,337.15545570963195,878.5309433161063,1847,8627.291,3.1409135,500.3964,0.17325209,11955.169,4.3476276,0,,,,,337.15545570963195,0.00042709342,878.5309433161063,0.00041820083,0.0024535921,-0.0063825115
0.99971926,0.00036361307,0,0.002107493,337.1557115020274,878.5301281349326,1848,8622.692,3.1404924,499.7748,0.1735488,11949.148,4.3460865,0,,,,,337.1557115020274,0.00042735302,878.5301281349326,0.00041848354,0.002279524,-0.0067277113
0.99984837,0.0003635804,0,0.0021083837,337.15548991773665,878.5314859117728,1849,8623.794,3.1405804,499.77072,0.17321058,11950.691,4.345696,0,,,,,337.15548991773665,0.00042723966,878.5314859117728,0.00041826663,0.0024405115,-0.006562645
1.0002007,0.00036369087,0,0.002109274,337.154860649471,878.531072505082,1850,8626.765,3.1410265,499.70737,0.17325251,11954.903,4.3470163,0,,,,,337.154860649471,0.00042726478,878.531072505082,0.00041834093,0.0019313835,-0.006467402
0.9998257,0.00036337474,0,0.0021101641,337.1552834045284,878.531255831354,1851,8624.963,3.1407146,499.08386,0.17344446,11950.421,4.343238,0,,,,,337.1552834045284,0.00042742508,878.531255831354,0.00041848447,0.0026726865,-0.0064315964
1.0001343,0.00036351822,0,0.002111054,337.1555965759818,878.5308646988927,1852,8627.069,3.1410356,501.3924,0.17344305,11954.109,4.344953,0,,,,,337.1555965759818,0.000427191,878.5308646988927,0.00041822548,0.0023364204,-0.0065399604
1.0003992,0.0003634526,0,0.002111944,337.15569343113475,878.5311579324424,1853,8631.461,3.1413927,499.50656,0.17338187,11957.276,4.3441687,0,,,,,337.15569343113475,0.00042712886,878.5311579324424,0.00041823633,0.0023877493,-0.0058987527
1.0002779,0.0003634824,0,0.0021128338,337.15585891098743,878.5304467269625,1854,8629.017,3.1410787,500.3927,0.17336653,11955.825,4.344525,0,,,,,337.15585891098743,0.00042707202,878.5304467269625,0.00041813313,0.0024546308,-0.006241783
1.0004863,0.00036369657,0,0.0021137232,337.1554604016971,878.5311940279131,1855,8630.467,3.141311,499.8397,0.1734209,11958.315,4.3470845,0,,,,,337.1554604016971,0.00042723105,878.5311940279131,0.00041832283,0.0023554224,-0.0061632595
1.0000435,0.0003635438,0,0.0021146126,337.1556275591055,878.5312140809709,1856,8626.539,3.1407092,499.79242,0.17328016,11953.024,4.3452587,0,,,,,337.1556275591055,0.00042689513,878.5312140809709,0.00041812632,0.0023863425,-0.0064680725
1.0005898,0.00036332148,0,0.002115502,337.1550158861532,878.532171204157,1857,8632.555,3.1415303,498.94415,0.17339556,11959.554,4.3426013,0,,,,,337.1550158861532,0.00042708902,878.532171204157,0.00041827193,0.0017869114,-0.005807227
0.9994489,0.00036361776,0,0.002116391,337.1541775834127,878.5314237886217,1858,8622.645,3.1405456,499.4499,0.17334409,11945.917,4.346143,0,,,,,337.1541775834127,0.00042730605,878.5314237886217,0.00041842586,0.0017677583,-0.0058759865
0.9996536,0.00036311554,0,0.00211728,337.15586345498065,878.5313399899245,1859,8625.39,3.1407874,499.94055,0.17327143,11948.363,4.34014,0,,,,,337.15586345498065,0.0004273209,878.5313399899245,0.0004184397,0.0023762735,-0.0057261446
1.0003049,0.0003634231,0,0.0021181689,337.15530708578683,878.532009109378,1860,8631.379,3.1414092,499.95322,0.17342536,11956.148,4.3438163,0,,,,,337.15530708578683,0.00042730483,878.532009109378,0.00041832164,0.0019890047,-0.0055841305
0.9995356,0.00036308434,0,0.0021190573,337.15444002542563,878.5311835362821,1861,8623.083,3.1404643,499.74066,0.17335121,11946.953,4.339767,0,,,,,337.15444002542563,0.00042753245,878.5311835362821,0.00041856224,0.002042683,-0.0058132308
0.9995828,0.00036329386,0,0.0021199458,337.15538840684843,878.531241333264,1862,8623.209,3.1405594,500.54742,0.17335786,11947.518,4.3422713,0,,,,,337.15538840684843,0.0004273814,878.531241333264,0.0004184733,0.0016671022,-0.0060634427
0.99999905,0.00036333821,0,0.0021208343,337.1555819078475,878.531688780895,1863,8628.643,3.1410658,499.52267,0.17335525,11952.492,4.3428016,0,,,,,337.1555819078475,0.00042727977,878.531688780895,0.0004183971,0.0012723509,-0.0054198373
0.99937,0.00036357515,0,0.0021217223,337.1550858840726,878.5320015176335,1864,8623.652,3.14049,500.04504,0.1733096,11944.974,4.3456335,0,,,,,337.1550858840726,0.00042745014,878.5320015176335,0.00041851331,0.001805572,-0.005437503
0.9999482,0.00036334683,0,0.0021226103,337.1553069662472,878.5323483076203,1865,8630.633,3.1413426,499.29907,0.17360935,11951.885,4.3429046,0,,,,,337.1553069662472,0.00042734723,878.5323483076203,0.00041838575,0.0020648472,-0.0050182305
1.0000365,0.00036348627,0,0.0021234984,337.15504112659386,878.5316499703212,1866,8629.955,3.141168,499.11502,0.17329594,11952.94,4.344571,0,,,,,337.15504112659386,0.00042704295,878.5316499703212,0.0004180915,0.0020615058,-0.0054617566
1.0003853,0.00036349008,0,0.002124386,337.1550309946019,878.5321800833966,1867,8635.669,3.1417603,498.91183,0.17347232,11957.108,4.3446164,0,,,,,337.1550309946019,0.0004270035,878.5321800833966,0.0004180704,0.002061864,-0.004893487
0.9999263,0.00036345838,0,0.0021252737,337.15495051495276,878.5330582847224,1868,8631.388,3.1411593,498.62823,0.17335474,11951.623,4.344238,0,,,,,337.15495051495276,0.00042700066,878.5330582847224,0.00041802452,0.002285487,-0.0050136577
0.999749,0.00036315524,0,0.002126161,337.1556044323562,878.5318297763382,1869,8629.576,3.1410172,498.42206,0.17351483,11949.504,4.3406143,0,,,,,337.1556044323562,0.0004270158,878.5318297763382,0.00041813386,0.002074787,-0.005126528
1.0001891,0.00036367273,0,0.0021270483,337.1546700674512,878.5322425398781,1870,8632.144,3.1413076,499.24307,0.17326733,11954.764,4.3468,0,,,,,337.1546700674512,0.0004272239,878.5322425398781,0.00041823127,0.001950421,-0.005396568
0.9998396,0.0003630315,0,0.0021279354,337.1543506767081,878.5324060169347,1871,8629.887,3.1411088,499.58542,0.1732675,11950.587,4.339135,0,,,,,337.1543506767081,0.0004273474,878.5324060169347,0.00041832923,0.0021300465,-0.005235821
0.9998239,0.000363692,0,0.0021288223,337.1553860592926,878.5321778122269,1872,8630.61,3.1412482,500.46735,0.17360042,11950.399,4.34703,0,,,,,337.1553860592926,0.00042714603,878.5321778122269,0.00041824876,0.0024029643,-0.0050568497
0.99980557,0.00036335844,0,0.002129709,337.1555490975006,878.5331899629666,1873,8630.123,3.141163,499.12784,0.17326409,11950.18,4.3430433,0,,,,,337.1555490975006,0.00042736388,878.5331899629666,0.00041842842,0.0022597713,-0.0050744377
0.999926,0.0003635426,0,0.0021305957,337.1550355454567,878.5333724835484,1874,8632.567,3.1414773,498.97272,0.17336339,11951.619,4.3452444,0,,,,,337.1550355454567,0.0004271475,878.5333724835484,0.000418223,0.0023238533,-0.004600392
0.9993045,0.00036346307,0,0.0021314824,337.15507415758043,878.533089302,1875,8627.426,3.1409044,498.8922,0.17334442,11944.19,4.3442936,0,,,,,337.15507415758043,0.0004274243,878.533089302,0.0004185013,0.0020897242,-0.004565641
1.0005412,0.000363213,0,0.0021323687,337.1554926725932,878.5332692700825,1876,8638.038,3.1418922,498.66812,0.17332321,11958.973,4.341305,0,,,,,337.1554926725932,0.00042677767,878.5332692700825,0.0004179164,0.0019680632,-0.004599158
1.0000515,0.00036338976,0,0.002133255,337.1549957900033,878.5336168629451,1877,8632.592,3.141185,499.23343,0.17339258,11953.119,4.3434176,0,,,,,337.1549957900033,0.00042727852,878.5336168629451,0.00041829626,0.001433558,-0.004746613
0.9999405,0.00036334753,0,0.0021341408,337.15432544841525,878.5330171249971,1878,8631.888,3.1412432,498.6851,0.17322366,11951.793,4.3429127,0,,,,,337.15432544841525,0.00042705194,878.5330171249971,0.00041838473,0.0017401394,-0.0047036577
0.9997683,0.00036333207,0,0.0021350267,337.1551143364419,878.5330480931117,1879,8632.076,3.1412272,498.33685,0.17349508,11949.734,4.342728,0,,,,,337.1551143364419,0.0004270006,878.5330480931117,0.00041822245,0.0013148685,-0.004418219
1.0002087,0.00036348516,0,0.0021359124,337.15403032330494,878.5337509203923,1880,8637.567,3.141714,498.97998,0.17319909,11954.999,4.344558,0,,,,,337.15403032330494,0.00042698794,878.5337509203923,0.00041820869,0.0012887948,-0.0037878433
1.0001663,0.00036314814,0,0.002136798,337.15507281990944,878.534138217563,1881,8636.562,3.141662,499.05316,0.17343947,11954.492,4.3405294,0,,,,,337.15507281990944,0.0004268792,878.534138217563,0.00041794238,0.0011062069,-0.00426329
0.9998911,0.00036350143,0,0.0021376833,337.15443102687976,878.5337231257646,1882,8635.154,3.1415727,498.45956,0.17332023,11951.202,4.3447523,0,,,,,337.15443102687976,0.00042709967,878.5337231257646,0.0004183175,0.0016692159,-0.0038467278
1.0007118,0.000363661,0,0.0021385688,337.15438355522554,878.5344378172961,1883,8642.553,3.1422856,498.4661,0.1732364,11961.012,4.3466597,0,,,,,337.15438355522554,0.0004266322,878.5344378172961,0.00041779864,0.0011073111,-0.003499314
1.0000833,0.00036341295,0,0.0021394538,337.1549267105937,878.5334473967532,1884,8636.872,3.1417902,498.23157,0.17340901,11953.5,4.3436947,0,,,,,337.1549267105937,0.00042682857,878.5334473967532,0.0004181643,0.001337094,-0.0037601162
0.9997455,0.00036269153,0,0.0021403388,337.15408261448897,878.5341718235978,1885,8631.925,3.141253,498.41476,0.17341566,11949.462,4.335072,0,,,,,337.15408261448897,0.0004271809,878.5341718235978,0.0004183193,0.00095667015,-0.0043727257
0.9996924,0.00036315655,0,0.0021412235,337.1541277476441,878.5342065944642,1886,8631.387,3.1411948,498.48447,0.17329009,11948.827,4.34063,0,,,,,337.1541277476441,0.00042693331,878.5342065944642,0.00041818453,0.0009992121,-0.0040100235
1.0000731,0.00036353435,0,0.0021421083,337.15494550183894,878.5340948351666,1887,8635.543,3.1415699,498.3639,0.17316298,11953.377,4.3451457,0,,,,,337.15494550183894,0.00042712918,878.5340948351666,0.00041813956,0.0010483855,-0.0039317016
1.000201,0.00036339587,0,0.0021429928,337.15435040428616,878.5340205065701,1888,8637.855,3.141828,498.15106,0.17336218,11954.906,4.3434906,0,,,,,337.15435040428616,0.00042733655,878.5340205065701,0.0004183518,0.00145253,-0.0037070892
1.0000167,0.0003634956,0,0.002143877,337.15521606007,878.5337531552599,1889,8635.932,3.1415472,497.89835,0.17334308,11952.703,4.3446827,0,,,,,337.15521606007,0.00042715468,878.5337531552599,0.0004182332,0.0014089602,-0.0040213605
1.0005407,0.00036340873,0,0.0021447612,337.1546918646785,878.5344341659602,1890,8642.646,3.1422434,497.89908,0.17327686,11958.967,4.343644,0,,,,,337.1546918646785,0.00042719004,878.5344341659602,0.00041820435,0.0016537581,-0.0034366455
1.0002741,0.00036341805,0,0.0021456452,337.15514974113324,878.5348945575653,1891,8641.294,3.1420674,498.10648,0.17326516,11955.779,4.3437557,0,,,,,337.15514974113324,0.0004269497,878.5348945575653,0.0004179367,0.0011792085,-0.003132596
1.000386,0.00036346007,0,0.002146529,337.15546463481417,878.5360085610628,1892,8642.67,3.1422873,498.25314,0.17328964,11957.118,4.344258,0,,,,,337.15546463481417,0.00042682025,878.5360085610628,0.00041785146,0.0013198892,-0.0031956963
0.99986047,0.00036317902,0,0.0021474129,337.1547026984168,878.5343357921537,1893,8635.572,3.1416562,498.3336,0.17332047,11950.836,4.3408985,0,,,,,337.1547026984168,0.00042718684,878.5343357921537,0.0004182906,0.001085941,-0.0034706823
1.0008649,0.00036347777,0,0.0021482965,337.15542988468013,878.5353904251019,1894,8644.449,3.142579,498.3641,0.17330885,11962.842,4.3444695,0,,,,,337.15542988468013,0.0004276127,878.5353904251019,0.00041814518,0.0014641184,-0.0035344278
1.0004911,0.0003638241,0,0.0021491798,337.15487467614724,878.5352222755254,1895,8644.057,3.142361,497.27734,0.17340848,11958.374,4.348609,0,,,,,337.15487467614724,0.00042697115,878.5352222755254,0.00041801576,0.0014407256,-0.0028953876
1.0010016,0.00036369593,0,0.002150063,337.1542845487114,878.5365746055923,1896,8649.816,3.1429384,498.09082,0.17324425,11964.476,4.347077,0,,,,,337.1542845487114,0.00042681917,878.5365746055923,0.0004180174,0.0011864551,-0.002322462
0.9996933,0.00036356036,0,0.002150946,337.1545255930865,878.535659833574,1897,8637.95,3.1418464,498.314,0.173428,11948.838,4.3454566,0,,,,,337.1545255930865,0.00042732432,878.535659833574,0.00041837018,0.0012635469,-0.0028068826
0.9995624,0.00036341537,0,0.002151829,337.1546664801457,878.5358855663237,1898,8637.058,3.1417775,497.7475,0.17331491,11947.273,4.343724,0,,,,,337.1546664801457,0.00042736574,878.5358855663237,0.0004184926,0.0013657854,-0.0025611075
0.99989176,0.00036365585,0,0.0021527119,337.1544932367273,878.5356354407072,1899,8639.515,3.1419485,498.249,0.17318659,11951.21,4.346598,0,,,,,337.1544932367273,0.00042713125,878.5356354407072,0.00041816232,0.0013514481,-0.0027194337
1.000088,0.00036312718,0,0.0021535945,337.15513309661554,878.5357798009092,1900,8641.134,3.1420393,497.3137,0.17341468,11953.556,4.340279,0,,,,,337.15513309661554,0.00042697595,878.5357798009092,0.00041802038,0.0014834239,-0.0027075245
0.99967456,0.0003634356,0,0.002154477,337.154431718727,878.5364559112267,1901,8636.854,3.1417718,497.87048,0.17333193,11948.614,4.3439655,0,,,,,337.154431718727,0.00042742316,878.5364559112267,0.00041836262,0.0012264836,-0.002774338
1.0001951,0.00036356467,0,0.0021553591,337.15458489990544,878.5347462879603,1902,8641.7705,3.1422012,497.9866,0.17329158,11954.837,4.345508,0,,,,,337.15458489990544,0.0004270341,878.5347462879603,0.00041810842,0.0013625051,-0.0029424115
1.0004902,0.00036348906,0,0.0021562413,337.1548919569309,878.5341554951297,1903,8644.34,3.1424477,498.0804,0.17345674,11958.363,4.3446045,0,,,,,337.1548919569309,0.00042655028,878.5341554951297,0.00041773065,0.0017044744,-0.003011652
0.99973,0.0003637332,0,0.0021571233,337.15385558243963,878.5366102929819,1904,8640.536,3.1419532,497.36783,0.1733225,11949.276,4.3475227,0,,,,,337.15385558243963,0.00042715567,878.5366102929819,0.00041824428,0.0011243372,-0.002083506
0.99967605,0.0003632066,0,0.0021580053,337.1546697321989,878.5364813685898,1905,8639.161,3.1418998,497.65424,0.17309178,11948.632,4.3412285,0,,,,,337.1546697321989,0.00042713416,878.5364813685898,0.00041827653,0.0011015444,-0.002304844
0.99985784,0.0003633568,0,0.0021588868,337.1543300743943,878.536771745874,1906,8641.861,3.1420958,497.7992,0.17321019,11950.805,4.343024,0,,,,,337.1543300743943,0.00042698457,878.536771745874,0.00041823374,0.0010174306,-0.0021797677
1.0010422,0.00036364014,0,0.0021606497,337.15509546459896,878.5361609426334,1908,8651.893,3.1431336,497.55927,0.17328878,11964.962,4.3464103,0,,,,,337.15509546459896,0.00042653465,878.5361609426334,0.0004177625,0.0010586287,-0.00195602
1.0001566,0.00036360958,0,0.002161531,337.1536398278014,878.5368131830367,1909,8646.065,3.1424947,497.65887,0.17328532,11954.376,4.346045,0,,,,,337.1536398278014,0.0004271827,878.5368131830367,0.00041818546,0.00074671855,-0.0013786604
0.9997181,0.00036351915,0,0.002162412,337.15379293862844,878.5364796486242,1910,8639.812,3.1419399,497.86453,0.17327262,11949.135,4.344964,0,,,,,337.15379293862844,0.00042707473,878.5364796486242,0.00041831608,0.0008911963,-0.0021947261
0.99954075,0.0003633119,0,0.0021632928,337.15436638435904,878.5365909540186,1911,8638.575,3.141762,498.05576,0.17326719,11947.015,4.342487,0,,,,,337.15436638435904,0.0004272898,878.5365909540186,0.0004182787,0.00022430648,-0.0019076924
0.99989504,0.00036313216,0,0.0021641736,337.1544258025696,878.5361196713757,1912,8642.287,3.1421688,497.45728,0.17354733,11951.249,4.3403387,0,,,,,337.1544258025696,0.00042697784,878.5361196713757,0.00041826302,0.0007431158,-0.0019655158
1.0004263,0.00036371595,0,0.0021650542,337.154560732863,878.5368925366827,1913,8647.733,3.1426978,497.385,0.17346618,11957.599,4.3473163,0,,,,,337.154560732863,0.00042689935,878.5368925366827,0.00041796014,0.00080076803,-0.0018776291
0.9994195,0.00036332067,0,0.0021659348,337.15393591338875,878.5373964648556,1914,8639.961,3.1417663,497.43036,0.17326969,11945.565,4.342592,0,,,,,337.15393591338875,0.0004269094,878.5373964648556,0.00041810947,0.00050482305,-0.0016039333
0.9997386,0.0003633839,0,0.0021668149,337.1544867229905,878.5375808297932,1915,8644.739,3.142423,497.85086,0.17346114,11949.379,4.3433475,0,,,,,337.1544867229905,0.00042712525,878.5375808297932,0.00041813226,-0.00011189093,-0.0006110233
1.0003111,0.000363204,0,0.002167695,337.1532620002798,878.5378707677429,1916,8648.654,3.1428046,497.6998,0.17332375,11956.223,4.341197,0,,,,,337.1532620002798,0.00042710852,878.5378707677429,0.00041819274,-0.0002350477,-0.0009605745
1.0003392,0.0003632361,0,0.002168575,337.1536539798914,878.5392060785714,1917,8650.174,3.142898,497.31345,0.17354313,11956.558,4.341581,0,,,,,337.1536539798914,0.0004271318,878.5392060785714,0.00041797743,-0.00041701,-0.0005243006
0.99987733,0.00036333772,0,0.0021694547,337.15285938725077,878.5374310089679,1918,8645.456,3.1424685,497.47504,0.17335425,11951.038,4.3427954,0,,,,,337.15285938725077,0.0004270478,878.5374310089679,0.00041808528,-0.00031745026,-0.000654187
0.9998336,0.00036331968,0,0.0021703343,337.15295789269527,878.5386947824717,1919,8645.048,3.1423767,497.15686,0.17339566,11950.515,4.34258,0,,,,,337.15295789269527,0.00042696437,878.5386947824717,0.00041811256,-0.00068123156,-0.00047538077
0.9998147,0.00036318015,0,0.002171214,337.15303690895087,878.5378026280199,1920,8644.236,3.1422763,496.8174,0.17330474,11950.289,4.3409123,0,,,,,337.15303690895087,0.00042709772,878.5378026280199,0.0004182608,-0.00025969965,-0.00088317425
1.0001531,0.00036373967,0,0.0021720931,337.15374638060933,878.537455800006,1921,8649.223,3.1427932,497.0472,0.17349973,11954.334,4.3476,0,,,,,337.15374638060933,0.00042699184,878.537455800006,0.00041829457,0.00025621202,-0.00054085185
0.9997807,0.00036344354,0,0.0021729723,337.15455105077956,878.5382955227611,1922,8646.03,3.1424174,497.28796,0.17335913,11949.883,4.3440604,0,,,,,337.15455105077956,0.00042711195,878.5382955227611,0.00041809553,0.00022002816,-0.0005567651
0.99998695,0.00036345396,0,0.0021738515,337.1542002763725,878.5374559197061,1923,8649.135,3.142706,496.99667,0.17340422,11952.348,4.344185,0,,,,,337.1542002763725,0.000427093,878.5374559197061,0.00041811063,7.824536e-05,-0.00013567552
1.0009803,0.00036377332,0,0.0021747302,337.15395764167613,878.539205008118,1924,8657.819,3.1436791,496.95792,0.17343399,11964.221,4.348002,0,,,,,337.15395764167613,0.00042654006,878.539205008118,0.00041776363,0.0,0.0
1.0007408,0.00036378464,0,0.0021756089,337.1540744202911,878.5398849702402,1925,8657.979,3.1436355,497.52798,0.17332114,11961.357,4.3481374,0,,,,,337.1540744202911,0.00042698908,878.5398849702402,0.0004177738,-0.00014210577,0.0005129448
1.0002457,0.00036339962,0,0.0021764874,337.1541701416901,878.5384670992987,1926,8651.93,3.1429393,496.37396,0.17345314,11955.44,4.3435354,0,,,,,337.1541701416901,0.00042685962,878.5384670992987,0.00041780152,0.0004907977,-0.00037806274
0.999967,0.00036378778,0,0.0021773658,337.15413748560553,878.5388095802335,1927,8651.089,3.1429381,496.70007,0.17332748,11952.109,4.348175,0,,,,,337.15413748560553,0.0004266625,878.5388095802335,0.00041796712,0.0005141236,0.00031663282
1.000474,0.0003636189,0,0.002178244,337.15409381537165,878.5392719566745,1928,8654.32,3.1434062,496.7401,0.17331767,11958.169,4.346156,0,,,,,337.15409381537165,0.00042698308,878.5392719566745,0.00041793688,0.0005576356,-8.747152e-05
0.9999485,0.00036385035,0,0.002179122,337.1538752704281,878.538250691126,1929,8649.416,3.142855,496.4167,0.17331347,11951.889,4.3489227,0,,,,,337.1538752704281,0.00042700756,878.538250691126,0.0004182625,0.00058543665,-6.882291e-05
0.9994481,0.00036359398,0,0.00218,337.15308087313565,878.537971474855,1930,8644.733,3.142318,497.13077,0.17346746,11945.907,4.3458586,0,,,,,337.15308087313565,0.0004270895,878.537971474855,0.00041838075,0.00042643186,-0.00029360177
0.9998796,0.0003636058,0,0.0021808776,337.1538629849702,878.5389524933253,1931,8650.585,3.1427965,496.61588,0.17334479,11951.064,4.3459997,0,,,,,337.1538629849702,0.0004270257,878.5389524933253,0.00041818808,0.00025186033,0.00029435087
0.9994378,0.00036361953,0,0.0021817554,337.15384603740415,878.538463412594,1932,8646.3955,3.1425328,497.03183,0.17337571,11945.784,4.3461637,0,,,,,337.15384603740415,0.00042717083,878.538463412594,0.00041825612,0.00047335183,6.2714746e-05
0.9997732,0.0003638807,0,0.0021826327,337.1542702475694,878.5383037773875,1933,8649.551,3.1428092,496.6798,0.17346334,11949.793,4.3492856,0,,,,,337.1542702475694,0.0004270667,878.5383037773875,0.00041838447,0.0008524332,9.4325434e-05
0.9996287,0.0003636356,0,0.00218351,337.1547967016756,878.5387623813997,1934,8647.642,3.1426566,496.58777,0.17341624,11948.066,4.346356,0,,,,,337.1547967016756,0.00042718608,878.5387623813997,0.00041827804,0.0010126167,-6.6402485e-05
0.99980557,0.00036384683,0,0.002184387,337.1543908254975,878.538353716121,1935,8650.556,3.1429052,496.02927,0.17367515,11950.18,4.348881,0,,,,,337.1543908254975,0.00042703847,878.538353716121,0.00041814792,0.0012884581,0.00025667978
1.0001874,0.0003638512,0,0.002185264,337.1538960855111,878.5395860095086,1936,8654.1875,3.14316,496.6836,0.17343028,11954.743,4.3489327,0,,,,,337.1538960855111,0.00042675555,878.5395860095086,0.00041802193,0.0008849718,0.00035643036
1.0004165,0.000363988,0,0.0021861407,337.15471530103787,878.5397891436609,1937,8657.425,3.1435857,496.72653,0.17324162,11957.482,4.350568,0,,,,,337.15471530103787,0.00042726056,878.5397891436609,0.00041824795,0.0006982996,0.000788049
0.99996036,0.00036373426,0,0.0021870174,337.154106800942,878.5382980171412,1938,8651.832,3.142913,496.62607,0.17328341,11952.03,4.347535,0,,,,,337.154106800942,0.00042691032,878.5382980171412,0.00041804783,0.0008368062,0.00024568275
1.0000467,0.00036397227,0,0.0021878937,337.1534363155037,878.5392042419717,1939,8653.346,3.1430438,496.1446,0.17336993,11953.0625,4.35038,0,,,,,337.1534363155037,0.00042701373,878.5392042419717,0.00041810022,0.00094257836,0.0005667839
0.99960375,0.00036366508,0,0.00218877,337.15335009531515,878.5386253581072,1940,8648.111,3.1426055,496.28003,0.17347722,11947.768,4.3467083,0,,,,,337.15335009531515,0.00042705485,878.5386253581072,0.00041813857,0.00079627236,-2.6182732e-05
1.0001544,0.00036398412,0,0.0021896462,337.15416252566854,878.5391413034379,1941,8654.811,3.1433115,496.44708,0.17327766,11954.35,4.3505216,0,,,,,337.15416252566854,0.00042673797,878.5391413034379,0.00041783345,0.0010033911,0.0006754356
0.9999254,0.00036378432,0,0.0021905222,337.1540158115554,878.5393587277683,1942,8652.617,3.1429782,496.33554,0.17347737,11951.612,4.3481336,0,,,,,337.1540158115554,0.00042698407,878.5393587277683,0.00041809792,0.0008272946,0.00030061597
0.99975735,0.0003637562,0,0.002191398,337.1537961993374,878.5405808129815,1943,8652.537,3.1432364,498.35596,0.17335144,11949.604,4.3477974,0,,,,,337.1537961993374,0.00042679804,878.5405808129815,0.00041798232,0.00058332004,0.001122234
0.99941885,0.000363847,0,0.0021922737,337.15410133701096,878.5395505317858,1944,8648.853,3.142694,496.71158,0.1732066,11945.558,4.3488827,0,,,,,337.15410133701096,0.0004269668,878.5395505317858,0.00041802306,0.00062696415,0.00053891493
1.000488,0.00036361525,0,0.0021931492,337.15380910749894,878.5405054491065,1945,8659.453,3.143872,496.76273,0.17331089,11958.338,4.3461127,0,,,,,337.15380910749894,0.00042657563,878.5405054491065,0.00041781808,0.0014152118,0.0010235665
1.0004042,0.0003639003,0,0.0021940246,337.15378698595293,878.5394322983715,1946,8657.628,3.1437201,497.14078,0.17328471,11957.336,4.3495197,0,,,,,337.15378698595293,0.00042659286,878.5394322983715,0.0004178801,0.0013206168,0.00041623967
1.0005907,0.00036397096,0,0.0021948996,337.1533013529994,878.5410117896585,1947,8660.706,3.1439652,496.6328,0.17329586,11959.563,4.350364,0,,,,,337.1533013529994,0.00042685313,878.5410117896585,0.00041798162,0.00048670726,0.0012751493
1.0005808,0.00036390318,0,0.0021957748,337.15449586679847,878.5402576382473,1948,8661.116,3.1439161,496.57407,0.17351475,11959.446,4.349554,0,,,,,337.15449586679847,0.00042677522,878.5402576382473,0.00041773773,0.0019413724,0.0008309764
0.9994385,0.00036356758,0,0.0021966496,337.15444621644707,878.5405821682479,1949,8651.484,3.1427908,496.36346,0.17339909,11945.793,4.345543,0,,,,,337.15444621644707,0.00042727595,878.5405821682479,0.00041821704,0.0016465451,0.001176508
1.0004058,0.00036394558,0,0.0021975243,337.1538498969996,878.5408060361249,1950,8661.436,3.1440208,496.874,0.17347433,11957.3545,4.350061,0,,,,,337.1538498969996,0.00042669819,878.5408060361249,0.0004179067,0.0013354883,0.0015816028
0.99998957,0.0003637362,0,0.0021983988,337.1543264477416,878.5410315804174,1951,8657.335,3.143641,496.76846,0.1733754,11952.379,4.3475585,0,,,,,337.1543264477416,0.00042663226,878.5410315804174,0.00041789442,0.0012059059,0.0014604427
0.9995361,0.00036390807,0,0.002199273,337.1540532560028,878.5400734558146,1952,8651.897,3.1430137,496.31393,0.17332947,11946.959,4.3496127,0,,,,,337.1540532560028,0.00042724606,878.5400734558146,0.00041840159,0.0011079543,0.0010247652
0.9998218,0.00036393572,0,0.0022001474,337.1529591520767,878.5402527355386,1953,8654.255,3.1431956,496.71985,0.17339696,11950.374,4.349943,0,,,,,337.1529591520767,0.0004269485,878.5402527355386,0.0004181115,0.00067042204,0.0013397282
0.9997814,0.00036394797,0,0.0022010214,337.1542552503242,878.5399709655946,1954,8654.791,3.1433866,496.40036,0.17340201,11949.892,4.3500896,0,,,,,337.1542552503242,0.00042699795,878.5399709655946,0.00041796648,0.0012144076,0.0012062946
0.9998788,0.00036386243,0,0.0022018952,337.1533680778422,878.5411175991026,1955,8657.103,3.143506,496.72443,0.17333262,11951.056,4.349067,0,,,,,337.1533680778422,0.00042679766,878.5411175991026,0.0004180022,0.0010489121,0.0015313156
1.0004977,0.0003638653,0,0.002202769,337.1542473246927,878.5406306996267,1956,8661.767,3.1439607,496.1583,0.17334418,11958.453,4.3491015,0,,,,,337.1542473246927,0.00042664516,878.5406306996267,0.00041784975,0.0016535008,0.0011333927
0.9994638,0.0003639103,0,0.0022036426,337.1545299067447,878.5407371495168,1957,8653.18,3.1433372,496.731,0.17337431,11946.095,4.3496394,0,,,,,337.1545299067447,0.00042715503,878.5407371495168,0.00041831177,0.0012420124,0.0013862489
0.9997087,0.00036397984,0,0.002204516,337.15329954794487,878.5412128661585,1958,8656.959,3.1434815,496.50693,0.17350553,11949.022,4.3504705,0,,,,,337.15329954794487,0.00042709225,878.5412128661585,0.00041811992,0.0011435692,0.0019362161
0.9997122,0.0003638335,0,0.0022053893,337.15425323856266,878.5421104138599,1959,8657.3125,3.1435244,497.3705,0.17343353,11949.064,4.3487215,0,,,,,337.15425323856266,0.00042704528,878.5421104138599,0.0004180357,0.0010082792,0.002080641
1.0009358,0.00036378508,0,0.0022062624,337.153914961969,878.5404201869148,1960,8667.94,3.1446984,496.9715,0.1732323,11963.688,4.3481426,0,,,,,337.153914961969,0.00042658806,878.5404201869148,0.00041783933,0.0010409037,0.0020954644
0.99983644,0.00036401686,0,0.0022071353,337.1540438617255,878.5412674067366,1961,8659.036,3.1437283,496.65698,0.17344415,11950.549,4.350913,0,,,,,337.1540438617255,0.00042677444,878.5412674067366,0.00041804297,0.0003485998,0.0025124343
0.9993898,0.00036386185,0,0.002208008,337.1526324988284,878.5411223569216,1962,8655.545,3.143297,496.20273,0.17354713,11945.211,4.34906,0,,,,,337.1526324988284,0.00042702034,878.5411223569216,0.00041821905,0.00058838056,0.0023095321
0.9998294,0.0003637867,0,0.0022088806,337.15397789235044,878.541636403688,1963,8658.449,3.1438143,496.97452,0.17326906,11950.465,4.348162,0,,,,,337.15397789235044,0.00042686609,878.541636403688,0.00041806477,0.0007558103,0.0022739249
0.9997734,0.00036394724,0,0.002209753,337.1531696382532,878.5415359221644,1964,8660.294,3.1438234,496.5356,0.17344286,11949.795,4.350081,0,,,,,337.1531696382532,0.00042683186,878.5415359221644,0.0004180073,0.00015609672,0.0029978668
0.9999165,0.00036387864,0,0.0022106252,337.15472209274947,878.5418540082101,1965,8661.414,3.143917,496.61978,0.17360099,11951.506,4.349261,0,,,,,337.15472209274947,0.00042692828,878.5418540082101,0.00041791625,0.00090166833,0.0025505417
0.9993061,0.00036383324,0,0.0022114974,337.1537824152981,878.542436402591,1966,8655.814,3.1434734,496.26144,0.17335881,11944.21,4.348718,0,,,,,337.1537824152981,0.00042721504,878.542436402591,0.00041825153,0.0011723164,0.0025720897
0.9996769,0.00036382797,0,0.0022123693,337.15438131138797,878.5423211195481,1967,8658.194,3.1436887,496.77563,0.17329788,11948.642,4.348655,0,,,,,337.15438131138797,0.00042693948,878.5423211195481,0.0004180344,0.00026447757,0.0026524663
1.0002251,0.00036383152,0,0.002213241,337.15395595672226,878.5422982801846,1968,8661.751,3.144014,496.88193,0.17343287,11955.194,4.3486977,0,,,,,337.15395595672226,0.00042708646,878.5422982801846,0.00041798496,9.482373e-05,0.002615516
1.0002546,0.00036393513,0,0.0022141128,337.1538308587857,878.541491590524,1969,8662.436,3.1440887,496.85754,0.17341213,11955.547,4.349936,0,,,,,337.1538308587857,0.0004269751,878.541491590524,0.0004179848,0.00062150456,0.0022986494
1.0002308,0.00036402955,0,0.0022149843,337.1545322940503,878.5425013172357,1970,8663.089,3.1441495,496.47568,0.17331973,11955.262,4.3510647,0,,,,,337.1545322940503,0.0004265448,878.5425013172357,0.00041788994,0.0006139609,0.0025047401
0.99983567,0.00036400714,0,0.0022158555,337.1533718267516,878.5426820592543,1971,8660.15,3.1440306,496.73334,0.17353989,11950.54,4.3507967,0,,,,,337.1533718267516,0.0004268069,878.5426820592543,0.00041794297,6.923436e-05,0.0027675566
1.0005792,0.00036397134,0,0.0022167265,337.1536457156442,878.5422573632421,1972,8667.195,3.1445563,496.51532,0.1733541,11959.427,4.350369,0,,,,,337.1536457156442,0.00042641954,878.5422573632421,0.00041769492,0.00050981995,0.0026361805
1.0001565,0.00036388158,0,0.0022175976,337.15336570975046,878.5419279488856,1973,8664.116,3.144148,496.9563,0.17326291,11954.374,4.349296,0,,,,,337.15336570975046,0.00042667353,878.5419279488856,0.0004179406,0.00053693936,0.0029379493
1.000739,0.00036394762,0,0.0022184683,337.15401646341866,878.542729140343,1974,8670.017,3.1448138,496.93246,0.17349595,11961.337,4.3500853,0,,,,,337.15401646341866,0.00042663503,878.542729140343,0.00041789433,0.00071942154,0.0030290594
0.99977934,0.00036384715,0,0.0022193391,337.1534051387815,878.5428979705941,1975,8661.389,3.1440523,496.13388,0.17340107,11949.866,4.3488846,0,,,,,337.1534051387815,0.00042670476,878.5428979705941,0.0004178703,0.00020954362,0.0031742058
1.0003989,0.0003640301,0,0.0022210798,337.1531396315156,878.5431581206767,1977,8666.692,3.1445093,496.35907,0.17334485,11957.271,4.3510714,0,,,,,337.1531396315156,0.0004267933,878.5431581206767,0.00041790988,0.00037424243,0.0032951883
1.0003117,0.0003639514,8192,0.00222195,337.1535977218919,878.5431150901368,1978,8667.153,3.1444414,496.14328,0.17340806,11956.23,4.3501306,8192,,,,,337.1535977218919,0.00042671687,878.5431150901368,0.00041792958,0.0003745273,0.0034606524
0.9999782,0.00036407963,0,0.00222282,337.1532314325884,878.5433496080846,1979,8663.707,3.1442127,496.3965,0.17338455,11952.243,4.351663,0,,,,,337.1532314325884,0.00042665232,878.5433496080846,0.0004178321,0.00018530896,0.0033595944
1.0004492,0.0003641524,0,0.0022236898,337.1532668297504,878.542885489217,1980,8667.448,3.1446216,497.0888,0.17329334,11957.873,4.352533,0,,,,,337.1532668297504,0.00042672714,878.542885489217,0.00041789142,-0.00021974069,0.0035702563
0.9997958,0.0003638946,0,0.0022245594,337.1526201823723,878.5423559095135,1981,8662.027,3.143992,496.75812,0.17346446,11950.063,4.3494515,0,,,,,337.1526201823723,0.0004266869,878.5423559095135,0.00041780627,0.0006887487,0.0032545177
0.9994273,0.00036381982,0,0.002225429,337.1539882355922,878.5431283639348,1982,8659.266,3.143666,496.94226,0.17340855,11945.659,4.348558,0,,,,,337.1539882355922,0.00042698267,878.5431283639348,0.00041802373,0.0011869424,0.0031303936
0.99943054,0.00036397832,0,0.0022262982,337.1532969864689,878.5426632367856,1983,8659.911,3.1438048,496.5333,0.17374805,11945.697,4.3504524,0,,,,,337.1532969864689,0.0004270523,878.5426632367856,0.00041823508,0.0008254471,0.003304196
1.00056,0.0003639125,0,0.0022271674,337.1542925685191,878.5426762933027,1984,8671.385,3.1449692,496.7602,0.17347969,11959.198,4.3496656,0,,,,,337.1542925685191,0.00042636754,878.5426762933027,0.00041759544,0.0010626263,0.003837118
1.0004096,0.00036394288,0,0.0022280365,337.1542002046755,878.5433516110533,1985,8668.48,3.1444495,495.97226,0.17353833,11957.4,4.3500285,0,,,,,337.1542002046755,0.000426495,878.5433516110533,0.00041769995,0.001208901,0.003246667
0.999332,0.0003637824,0,0.0022289052,337.1536106739592,878.5427195640796,1986,8658.137,3.1436176,495.84323,0.17341468,11944.52,4.3481107,0,,,,,337.1536106739592,0.00042701393,878.5427195640796,0.00041818002,0.001100622,0.003229749
0.999682,0.00036401686,0,0.002229774,337.15332398173575,878.5427793794706,1987,8661.177,3.1439416,496.49298,0.17343266,11948.703,4.350913,0,,,,,337.15332398173575,0.00042689595,878.5427793794706,0.0004180313,0.00082509255,0.002830067
0.99994606,0.00036390408,0,0.0022306426,337.15331796480336,878.5438385128812,1988,8665.408,3.1443799,496.07443,0.17330052,11951.859,4.349565,0,,,,,337.15331796480336,0.00042692694,878.5438385128812,0.00041808106,0.0007293228,0.0035151455
1.000042,0.00036397326,0,0.0022315108,337.15360449576184,878.5433755056424,1989,8664.935,3.1441698,496.8985,0.17329317,11953.006,4.350392,0,,,,,337.15360449576184,0.00042664356,878.5433755056424,0.00041782617,0.000632333,0.0034268643
0.99995995,0.0003640019,0,0.002232379,337.15375879114407,878.5434485713087,1990,8665.691,3.1443305,496.31497,0.17346038,11952.025,4.350734,0,,,,,337.15375879114407,0.00042689222,878.5434485713087,0.00041807024,0.0010049262,0.0036124154
1.0000316,0.0003638835,0,0.002233247,337.1536182274673,878.5425921187733,1991,8667.507,3.144386,495.87238,0.17352086,11952.882,4.349319,0,,,,,337.1536182274673,0.00042653483,878.5425921187733,0.00041781054,0.0008781832,0.0038064523
1.0006487,0.00036412504,0,0.0022341148,337.1529031798751,878.5441685135086,1992,8673.14,3.1450646,496.6594,0.17320295,11960.258,4.3522058,0,,,,,337.1529031798751,0.00042656015,878.5441685135086,0.0004177037,0.00013060207,0.004425993
1.0008063,0.00036416738,0,0.0022349826,337.1536716595063,878.5436587404239,1993,8673.516,3.1452475,496.5958,0.1734572,11962.142,4.352712,0,,,,,337.1536716595063,0.00042656643,878.5436587404239,0.00041776538,0.00030543233,0.0038921926
1.0001048,0.00036412795,0,0.00223585,337.15392825960225,878.5435126129519,1994,8668.183,3.144698,496.02472,0.17338596,11953.756,4.3522406,0,,,,,337.15392825960225,0.0004265303,878.5435126129519,0.00041767844,0.0006999335,0.0041109617
1.0002744,0.0003640473,0,0.0022367174,337.1528567960591,878.5450976409008,1995,8673.338,3.1451085,496.28354,0.1734671,11955.783,4.351277,0,,,,,337.1528567960591,0.0004265602,878.5450976409008,0.0004176978,-0.0003209329,0.005274809
1.0000954,0.0003641198,0,0.0022375847,337.15233724258974,878.5459776090746,1996,8672.861,3.1450167,495.8566,0.1733269,11953.644,4.3521433,0,,,,,337.15233724258974,0.00042662694,878.5459776090746,0.00041769672,-0.00021133001,0.0057242652
0.9999593,0.00036424163,0,0.0022384517,337.1533327136552,878.5455165471215,1997,8671.853,3.1450295,496.4917,0.17349477,11952.018,4.3535995,0,,,,,337.1533327136552,0.00042676134,878.5455165471215,0.00041794148,-0.00040448675,0.0057148607
1.0004821,0.00036428694,128,0.0022393186,337.15237126250787,878.5473763946601,1998,8677.176,3.1463907,495.8105,0.17345563,11958.267,4.354141,128,,,,,337.15237126250787,0.00042637897,878.5473763946601,0.00041757393,-0.0008063394,0.0062468424
1.0000461,0.00036382678,0,0.0022401852,337.15107417529424,878.5451249055387,1999,8671.233,3.1448455,496.42557,0.17328225,11953.056,4.348641,0,,,,,337.15107417529424,0.00042708448,878.5451249055387,0.00041808997,-0.0009886905,0.0055862996
1.0003194,0.00036415618,0,0.0022410518,337.1519609659381,878.5464738514137,2000,8673.561,3.1451337,496.0917,0.17349139,11956.321,4.352578,0,,,,,337.1519609659381,0.00042663206,878.5464738514137,0.00041774035,-0.0010681523,0.0055110687
1.0000664,0.00036390623,0,0.0022419181,337.1526729091146,878.5455449813336,2001,8670.664,3.1448634,496.47363,0.17341901,11953.297,4.349591,0,,,,,337.1526729091146,0.00042682094,878.5455449813336,0.00041789442,-0.0013441623,0.0055319765
0.9996286,0.0003639811,0,0.0022427842,337.15225318468526,878.5464791710629,2002,8668.407,3.1445994,496.04883,0.17345573,11948.064,4.3504853,0,,,,,337.15225318468526,0.00042668456,878.5464791710629,0.00041775973,-0.00055051735,0.0055696475
0.99994344,0.0003641453,0,0.0022436504,337.15320917027026,878.5466344057654,2003,8671.6455,3.1450057,496.04263,0.17343497,11951.828,4.352448,0,,,,,337.15320917027026,0.00042673046,878.5466344057654,0.00041790243,-0.0004905731,0.0056655714
1.0002068,0.00036410108,0,0.0022445163,337.15260692084433,878.5470562060935,2004,8675.248,3.1452298,496.59418,0.17343852,11954.977,4.3519197,0,,,,,337.15260692084433,0.00042667644,878.5470562060935,0.0004178017,-0.0006849964,0.006125926
1.0013685,0.00036428784,0,0.002245382,337.1530710112813,878.546854126243,2005,8684.701,3.146336,496.67624,0.17336872,11968.861,4.3541517,0,,,,,337.1530710112813,0.00042655176,878.546854126243,0.0004176476,-0.0003901848,0.005856746
1.0002612,0.00036406706,0,0.0022462474,337.1523091489846,878.5462616798136,2006,8674.922,3.1453867,496.65167,0.17340422,11955.626,4.351513,0,,,,,337.1523091489846,0.00042659105,878.5462616798136,0.00041775987,-0.0007181636,0.006091854
1.0004312,0.00036409206,0,0.0022471128,337.15208525265626,878.5461160815308,2007,8676.204,3.145452,496.8188,0.17331897,11957.658,4.351812,0,,,,,337.15208525265626,0.00042696644,878.5461160815308,0.0004180703,-0.00057873677,0.0058470876
1.0007178,0.00036415114,0,0.002247978,337.1531029255162,878.5470521412489,2008,8679.026,3.1457906,496.69043,0.17337516,11961.083,4.352518,0,,,,,337.1531029255162,0.00042663564,878.5470521412489,0.0004177313,-0.00085513585,0.0060689864
0.9999779,0.00036406328,0,0.002248843,337.15272700207464,878.5462460936499,2009,8672.91,3.1450076,496.0671,0.17348786,11952.239,4.3514676,0,,,,,337.15272700207464,0.00042648564,878.5462460936499,0.0004176485,-0.0007918201,0.0059439554
1.0005279,0.00036416648,0,0.002249708,337.15198677998364,878.5467089469677,2010,8678.874,3.1455863,496.05334,0.17350197,11958.8125,4.352701,0,,,,,337.15198677998364,0.00042662973,878.5467089469677,0.0004176384,-0.0004717106,0.0064253765
0.9999893,0.00036408845,0,0.0022505727,337.1527587606232,878.5458077940957,2011,8672.982,3.1451197,496.26672,0.17349237,11952.376,4.3517685,0,,,,,337.1527587606232,0.0004267871,878.5458077940957,0.00041793232,-0.00015637717,0.005802635
0.99982744,0.00036391406,0,0.0022514372,337.15349017448585,878.5459397211096,2012,8673.035,3.145101,495.9035,0.17338538,11950.441,4.3496842,0,,,,,337.15349017448585,0.00042680098,878.5459397211096,0.00041782987,0.00034008754,0.0060373773
1.0002427,0.00036413583,0,0.0022523017,337.1534972722264,878.5458826888363,2013,8674.205,3.1452706,496.03275,0.17348242,11955.404,4.352335,0,,,,,337.1534972722264,0.0004267048,878.5458826888363,0.00041789608,-7.596711e-05,0.005544959
0.99954516,0.00036424017,0,0.0022531657,337.15272078918946,878.5462006167126,2014,8670.727,3.1448507,496.67767,0.17351711,11947.067,4.353582,0,,,,,337.15272078918946,0.00042697747,878.5462006167126,0.00041807786,-0.00014809269,0.0061940933
0.9998641,0.00036407632,0,0.0022540297,337.1533681303967,878.544533150177,2015,8672.898,3.1450565,496.58255,0.17344423,11950.88,4.3516235,0,,,,,337.1533681303967,0.00042638768,878.544533150177,0.00041760065,6.717495e-05,0.0059583983
1.000272,0.00036405082,0,0.0022548938,337.151822086327,878.5478196197522,2016,8678.536,3.145488,496.18777,0.17345846,11955.755,4.351319,0,,,,,337.151822086327,0.00042688826,878.5478196197522,0.0004179788,-0.00045752685,0.006950751
1.0002968,0.000364222,0,0.0022557573,337.1536223531305,878.5468650691228,2017,8678.838,3.1456387,495.7807,0.17344996,11956.052,4.353365,0,,,,,337.1536223531305,0.00042666768,878.5468650691228,0.00041772355,-0.00024526974,0.0064149303
0.9998847,0.0003640998,0,0.002256621,337.1532394733831,878.5467401451856,2018,8675.477,3.1452491,495.89426,0.17354652,11951.126,4.3519044,0,,,,,337.1532394733831,0.0004271995,878.5467401451856,0.00041789238,-4.376566e-05,0.006525234
1.0000147,0.00036402917,0,0.0022574842,337.1529246742058,878.5462236935638,2019,8675.983,3.1453333,496.084,0.17340639,11952.68,4.35106,0,,,,,337.1529246742058,0.00042685427,878.5462236935638,0.0004179843,-0.00040150993,0.006412948
0.999695,0.00036409593,0,0.0022583476,337.1525596728051,878.5473793786895,2020,8674.069,3.145159,496.66684,0.17342122,11948.858,4.351858,0,,,,,337.1525596728051,0.00042681998,878.5473793786895,0.00041797364,-0.00020468018,0.00659597
0.99992704,0.00036416098,0,0.0022592105,337.15310939605723,878.5476637784302,2021,8675.811,3.1452847,495.58475,0.17351739,11951.632,4.3526354,0,,,,,337.15310939605723,0.00042656646,878.5476637784302,0.00041766762,-0.0005075065,0.0067311833
1.0001326,0.00036417486,0,0.0022600733,337.15222920838426,878.5480338193004,2022,8678.3545,3.1455424,495.88004,0.17344652,11954.089,4.3528013,0,,,,,337.15222920838426,0.00042665435,878.5480338193004,0.0004178146,-0.00073806796,0.0069440743
1.0004959,0.00036417702,0,0.002260936,337.15228351320354,878.5481066202307,2023,8682.438,3.14595,495.60504,0.17350888,11958.432,4.352827,0,,,,,337.15228351320354,0.0004265659,878.5481066202307,0.0004176701,-0.0009651087,0.0071939332
0.99993855,0.0003643307,0,0.0022617986,337.1527679142417,878.5474564551874,2024,8677.42,3.145378,495.47595,0.17343003,11951.77,4.3546643,0,,,,,337.1527679142417,0.00042662158,878.5474564551874,0.00041780772,-0.00048434417,0.007263253
1.0001485,0.0003641796,0,0.002262661,337.15145192732024,878.5480474001121,2025,8680.305,3.1457317,496.16577,0.17326702,11954.279,4.352858,0,,,,,337.15145192732024,0.00042675738,878.5480474001121,0.00041780356,-0.00078349584,0.007631634
1.0009034,0.00036440775,0,0.0022635232,337.1519845352566,878.5494035652791,2026,8688.122,3.1464717,495.84607,0.173337,11963.301,4.355585,0,,,,,337.1519845352566,0.00042655627,878.5494035652791,0.00041754506,-0.0008576035,0.008217261
1.0008594,0.0003643134,0,0.002264385,337.15253884268117,878.5483258000115,2027,8685.903,3.1463256,495.455,0.17347862,11962.775,4.3544574,0,,,,,337.15253884268117,0.00042663884,878.5483258000115,0.0004177335,-0.00043279948,0.007252786
1.0001199,0.00036416345,0,0.002265247,337.15219951895904,878.5478037664029,2028,8680.61,3.1457899,495.76233,0.17311576,11953.9375,4.352665,0,,,,,337.15219951895904,0.00042679775,878.5478037664029,0.0004178645,-0.0008134113,0.007817906
0.9998685,0.0003638406,0,0.0022661088,337.15200672363017,878.5479972688831,2029,8678.196,3.1455994,495.93863,0.17352757,11950.933,4.3488064,0,,,,,337.15200672363017,0.0004268369,878.5479972688831,0.00041785598,-0.0006021561,0.0075332634
1.0006905,0.0003641575,0,0.0022669702,337.1528669983799,878.5489938903258,2030,8686.493,3.146206,495.88037,0.1734695,11960.757,4.352594,0,,,,,337.1528669983799,0.0004268696,878.5489938903258,0.00041771325,-0.0012467889,0.0082902415
0.9999497,0.00036404602,0,0.0022678317,337.15165426596997,878.5489944773003,2031,8680.358,3.1457736,495.64078,0.17327507,11951.902,4.3512616,0,,,,,337.15165426596997,0.00042673264,878.5489944773003,0.0004177655,-0.0010171728,0.008099581
1.0020771,0.00036455848,128,0.0022686927,337.15185504291514,878.550022324124,2032,8699.119,3.149689,495.52084,0.17340146,11977.331,4.3573866,128,,,,,337.15185504291514,0.00042606378,878.550022324124,0.0004173083,-0.0007969734,0.008184016
1.0007329,0.00036402192,0,0.0022695537,337.15253211226894,878.5489383158174,2033,8687.133,3.1464171,495.0896,0.17345731,11961.264,4.3509736,0,,,,,337.15253211226894,0.00042666536,878.5489383158174,0.00041774393,-0.000947699,0.007842316
1.0000144,0.0003641747,0,0.0022704147,337.1529327100128,878.549730681186,2034,8683.244,3.1459792,494.91977,0.1734274,11952.677,4.3527994,0,,,,,337.1529327100128,0.00042647021,878.549730681186,0.00041754587,-0.0011560273,0.008646952
0.99989283,0.0003640233,0,0.0022712753,337.15148958179816,878.5489120147972,2035,8680.437,3.1456385,494.46875,0.17347658,11951.223,4.35099,0,,,,,337.15148958179816,0.00042688643,878.5489120147972,0.00041794498,-0.0014806922,0.00838391
1.0002736,0.00036419052,0,0.0022721358,337.15182166051585,878.549132684731,2036,8683.101,3.1459527,494.45084,0.1734423,11955.773,4.3529887,0,,,,,337.15182166051585,0.00042669513,878.549132684731,0.00041766252,-0.0013368978,0.008211585
1.000603,0.00036412993,0,0.0022729961,337.1526600872175,878.5493140154271,2037,8686.574,3.146262,495.3695,0.17329666,11959.711,4.3522644,0,,,,,337.1526600872175,0.00042669257,878.5493140154271,0.00041782137,-0.0010954628,0.008151814
1.0004803,0.00036430065,0,0.0022738564,337.1530844414006,878.549539312052,2038,8686.624,3.146274,494.87305,0.17359374,11958.245,4.354305,0,,,,,337.1530844414006,0.0004263631,878.549539312052,0.00041748132,-0.0011282312,0.008538387
1.0005766,0.0003640754,0,0.0022747163,337.1519533934495,878.5496647134838,2039,8687.233,3.1462255,495.49536,0.1734422,11959.396,4.3516126,0,,,,,337.1519533934495,0.00042653648,878.5496647134838,0.00041761802,-0.0009367184,0.008054269
1.0002617,0.00036418284,0,0.0022755761,337.1514520382001,878.5494415908213,2040,8684.494,3.1460862,494.34393,0.17348397,11955.632,4.3528967,0,,,,,337.1514520382001,0.00042694603,878.5494415908213,0.00041795557,-0.0013903254,0.008306553
0.99977034,0.00036415868,0,0.002276436,337.15124055236697,878.5503130497643,2041,8680.851,3.1457345,494.8869,0.17336915,11949.759,4.352608,0,,,,,337.15124055236697,0.00042678864,878.5503130497643,0.00041776558,-0.0014147524,0.008414664
0.9995604,0.00036434585,0,0.0022772953,337.1520480720434,878.5483046950142,2042,8678.513,3.145482,494.94058,0.17338507,11947.25,4.354845,0,,,,,337.1520480720434,0.00042680162,878.5483046950142,0.000417989,-0.0017589091,0.008498975
1.0006179,0.00036415906,0,0.0022781547,337.1517117785264,878.5494389393672,2043,8687.88,3.1464581,494.62656,0.17343095,11959.889,4.3526125,0,,,,,337.1517117785264,0.00042644277,878.5494389393672,0.00041749427,-0.0018995812,0.008545861
0.9995145,0.00036407652,0,0.0022790139,337.1507954632422,878.549116543914,2044,8677.503,3.145286,494.39633,0.17340909,11946.701,4.351626,0,,,,,337.1507954632422,0.00042696355,878.549116543914,0.0004180022,-0.0021178715,0.008414283
1.0000691,0.00036396217,0,0.0022798728,337.151207988723,878.5499032753502,2045,8684.335,3.1459968,495.04944,0.17333472,11953.33,4.3502593,0,,,,,337.151207988723,0.00042702118,878.5499032753502,0.0004180518,-0.002093492,0.0088641215
1.0000803,0.00036421773,0,0.0022807317,337.15126499576485,878.549986469889,2046,8684.802,3.1461182,495.0025,0.17348431,11953.464,4.353314,0,,,,,337.15126499576485,0.00042644033,878.549986469889,0.00041754192,-0.0021974912,0.008932982
1.0002542,0.00036393804,0,0.0022815904,337.1515664933222,878.5505718492336,2047,8686.979,3.1462584,495.0404,0.17335829,11955.541,4.349971,0,,,,,337.1515664933222,0.0004265527,878.5505718492336,0.00041760635,-0.0019401964,0.0091200955
0.9997327,0.0003640223,0,0.0022824488,337.1515236701772,878.5493078235395,2048,8681.913,3.1457992,494.71732,0.17323977,11949.309,4.350978,0,,,,,337.1515236701772,0.00042683043,878.5493078235395,0.00041787696,-0.001970834,0.008994928
0.99941885,0.0003641036,0,0.002283307,337.15157866616846,878.5500317033244,2049,8680.656,3.1457257,494.94333,0.17341606,11945.558,4.3519497,0,,,,,337.15157866616846,0.0004268541,878.5500317033244,0.0004179174,-0.0018791112,0.009291381
1.0003959,0.00036406313,0,0.0022841652,337.15077839542306,878.5497268500771,2050,8688.036,3.1464345,494.948,0.1733752,11957.236,4.351466,0,,,,,337.15077839542306,0.00042689138,878.5497268500771,0.00041791084,-0.0022029828,0.0090890275
0.9999628,0.0003641689,0,0.0022850232,337.15159324860497,878.5497082503493,2051,8683.107,3.1457863,495.03488,0.17330424,11952.06,4.3527303,0,,,,,337.15159324860497,0.00042682962,878.5497082503493,0.00041790272,-0.0019368279,0.00866948
1.0002109,0.00036418342,0,0.002285881,337.15171699733673,878.550053938917,2052,8685.947,3.146218,494.8698,0.17331727,11955.024,4.352904,0,,,,,337.15171699733673,0.00042647496,878.550053938917,0.0004175581,-0.001812062,0.008807191
0.9993876,0.00036392006,0,0.0022867387,337.1517339934729,878.5504093595259,2053,8679.05,3.145623,495.08084,0.1733977,11945.185,4.349756,0,,,,,337.1517339934729,0.0004269604,878.5504093595259,0.00041798875,-0.0020078858,0.00905399
0.9999254,0.00036434192,0,0.002287596,337.15186311033153,878.5503079056109,2054,8683.915,3.1459837,495.007,0.17327696,11951.612,4.3547983,0,,,,,337.15186311033153,0.00042683244,878.5503079056109,0.00041793872,-0.001389537,0.008778679
1.0004995,0.00036423362,0,0.0022884533,337.1518324844488,878.5495160617079,2055,8689.67,3.1465607,494.87915,0.17341022,11958.474,4.3535037,0,,,,,337.1518324844488,0.00042674597,878.5495160617079,0.00041781628,-0.0019923716,0.009031952
0.99947727,0.0003641139,0,0.0022893106,337.15144056565924,878.5514039965318,2056,8681.871,3.1456652,494.59988,0.173407,11946.256,4.3520727,0,,,,,337.15144056565924,0.00042694274,878.5514039965318,0.00041796107,-0.0022194893,0.0095621925
1.0000466,0.00036432254,0,0.0022901674,337.15176735099027,878.5499625647678,2057,8686.492,3.146253,494.33115,0.17363673,11953.062,4.3545666,0,,,,,337.15176735099027,0.00042689653,878.5499625647678,0.00041797376,-0.0018715565,0.009181578
1.0001218,0.0003643108,0,0.0022910242,337.1514623735033,878.5503999481389,2058,8686.875,3.1462772,494.28854,0.173316,11953.96,4.3544264,0,,,,,337.1514623735033,0.0004266249,878.5503999481389,0.00041769192,-0.0020578555,0.009283728
0.9996558,0.000364135,0,0.0022918808,337.1519079565964,878.5514170669493,2059,8682.985,3.145749,494.2863,0.17353435,11948.39,4.352325,0,,,,,337.1519079565964,0.00042666492,878.5514170669493,0.00041773138,-0.002375591,0.009580153
0.9997066,0.0003639216,0,0.0022927371,337.15148840644315,878.5512326026289,2060,8684.931,3.145951,494.78577,0.17354175,11948.997,4.3497744,0,,,,,337.15148840644315,0.0004267842,878.5512326026289,0.00041774317,-0.0022476665,0.009782837
1.0006976,0.0003643663,0,0.0022935935,337.15032466314165,878.5506416816329,2061,8692.56,3.146893,494.60342,0.17343153,11960.843,4.3550897,0,,,,,337.15032466314165,0.0004264937,878.5506416816329,0.00041749488,-0.0024292797,0.009597216
1.0000921,0.00036367314,0,0.0022944496,337.15179545969767,878.5511876549916,2062,8686.1455,3.1460967,494.2516,0.17324294,11953.605,4.3468046,0,,,,,337.15179545969767,0.0004269856,878.5511876549916,0.00041806683,-0.0028893258,0.009685231
1.0002407,0.00036386168,0,0.0022953055,337.15152841654634,878.5511022660402,2063,8689.369,3.146361,494.48492,0.17336991,11955.381,4.349058,0,,,,,337.15152841654634,0.00042664027,878.5511022660402,0.00041766887,-0.002571332,0.009864831
1.0004133,0.00036385845,0,0.0022961611,337.15074195835734,878.5515044348144,2064,8691.492,3.146754,494.21127,0.17354934,11957.443,4.3490195,0,,,,,337.15074195835734,0.00042680406,878.5515044348144,0.0004178232,-0.0029190534,0.010021374
1.0002882,0.00036377835,128,0.0022970168,337.1507598494203,878.5511861414319,2065,8691.409,3.1448681,494.5273,0.17336494,11955.949,4.348062,128,,,,,337.1507598494203,0.00042696053,878.5511861414319,0.00041792885,-0.0029351818,0.010343043
0.99914646,0.0003636149,0,0.0022978722,337.15049321332395,878.5518598976782,2066,8680.571,3.1430182,494.33246,0.17343162,11942.302,4.3461084,0,,,,,337.15049321332395,0.0004270851,878.5518598976782,0.00041802306,-0.0026116476,0.009870883
0.9994046,0.00036335003,0,0.0022987274,337.149541786403,878.5513502810777,2067,8682.687,3.1431825,494.43686,0.17332439,11945.388,4.3429427,0,,,,,337.149541786403,0.00042694889,878.5513502810777,0.0004179186,-0.0031102218,0.010215577
1.0010691,0.00036380603,0,0.0022995826,337.1503764364524,878.5513411608539,2068,8696.914,3.1471994,494.92264,0.1734176,11965.281,4.348393,0,,,,,337.1503764364524,0.00042647016,878.5513411608539,0.00041749765,-0.0030326925,0.010213172
1.0000494,0.00036388764,0,0.0023004373,337.1517756989297,878.551338153822,2069,8688.997,3.1438892,494.45764,0.17349367,11953.094,4.3493686,0,,,,,337.1517756989297,0.00042666995,878.551338153822,0.00041764657,-0.002232309,0.010084389
1.0000219,0.00036402166,0,0.002301292,337.1504981547271,878.5513774351016,2070,8688.084,3.1450791,494.05942,0.17341766,11952.767,4.3509703,0,,,,,337.1504981547271,0.0004268564,878.5513774351016,0.00041782932,-0.0024674998,0.010129679
0.9999663,0.000363844,0,0.0023021465,337.15075623365124,878.5528942285049,2071,8689.511,3.1440623,494.26755,0.17343299,11952.102,4.348847,0,,,,,337.15075623365124,0.00042681108,878.5528942285049,0.00041768636,-0.0027272862,0.010675994
0.9997352,0.00036386767,0,0.002303001,337.1507082471468,878.5524343105761,2072,8688.322,3.1437693,494.75552,0.17344573,11949.339,4.3491297,0,,,,,337.1507082471468,0.00042713896,878.5524343105761,0.0004180848,-0.0029046577,0.010928202
1.0000552,0.00036373542,0,0.0023038553,337.1511696330552,878.553388538767,2073,8691.697,3.144137,494.39236,0.1734996,11953.164,4.347549,0,,,,,337.1511696330552,0.00042673445,878.553388538767,0.0004176493,-0.0030701319,0.011096258
1.0000417,0.00036370245,0,0.0023047093,337.1510461272745,878.5529271707613,2074,8691.893,3.144127,494.65906,0.17342778,11953.002,4.347155,0,,,,,337.1510461272745,0.00042655453,878.5529271707613,0.0004175514,-0.0031027321,0.0110659525
0.9995961,0.00036393342,0,0.002305563,337.15032786651904,878.5527722146913,2075,8687.509,3.1436722,494.06097,0.17325427,11947.677,4.3499155,0,,,,,337.15032786651904,0.0004268311,878.5527722146913,0.00041779762,-0.0028723641,0.011069218
1.0003219,0.00036340157,0,0.0023064169,337.14964766416233,878.5527923845182,2076,8693.364,3.1443212,494.20978,0.17342177,11956.351,4.343559,0,,,,,337.14964766416233,0.00042663302,878.5527923845182,0.00041756107,-0.0035559265,0.01111612
0.9999667,0.00036384663,0,0.0023072702,337.1510469680754,878.5534674446407,2077,8692.473,3.1441298,493.98254,0.17329808,11952.105,4.3488784,0,,,,,337.1510469680754,0.00042665022,878.5534674446407,0.00041762448,-0.003182533,0.011552789
0.9996871,0.00036323298,0,0.0023081235,337.150644928541,878.5534982986345,2078,8689.7,3.1439059,494.0241,0.17357838,11948.764,4.3415437,0,,,,,337.150644928541,0.00042690028,878.5534982986345,0.00041780501,-0.0036582153,0.011456423
0.9999486,0.00036359672,0,0.0023089768,337.1500553007533,878.5534092157567,2079,8694.032,3.1442807,493.8476,0.17340173,11951.89,4.345891,0,,,,,337.1500553007533,0.00042681737,878.5534092157567,0.00041769742,-0.0037790502,0.012110095
0.99966437,0.00036311403,0,0.0023098297,337.1503250872772,878.5538211511915,2080,8690.996,3.1441083,494.60437,0.17336978,11948.492,4.3401217,0,,,,,337.1503250872772,0.0004270614,878.5538211511915,0.0004180218,-0.004180725,0.0119950175
1.0000385,0.0003635087,0,0.0023106826,337.15006758756596,878.5546308654431,2081,8696.024,3.1446815,493.95486,0.17341742,11952.964,4.344839,0,,,,,337.15006758756596,0.0004268567,878.5546308654431,0.00041764235,-0.0041144476,0.012579588
0.9997443,0.00036326263,0,0.0023115352,337.1504914230848,878.5546464534812,2082,8691.8545,3.1444407,497.16443,0.17341487,11949.447,4.341898,0,,,,,337.1504914230848,0.0004268729,878.5546464534812,0.00041778147,-0.0041280575,0.012129
0.9994846,0.00036346397,0,0.0023123878,337.15026511360054,878.5553876215931,2083,8690.784,3.1438923,493.63596,0.17352064,11946.344,4.3443046,0,,,,,337.15026511360054,0.00042687537,878.5553876215931,0.00041776523,-0.0038947114,0.012477453
1.0002189,0.00036304325,0,0.00231324,337.1503422030253,878.5537349314477,2084,8697.154,3.1446652,494.20377,0.17336679,11955.12,4.339276,0,,,,,337.1503422030253,0.00042685462,878.5537349314477,0.0004177792,-0.003959196,0.01248761
0.9999656,0.0003630962,0,0.0023140921,337.1500129290567,878.5547603681721,2085,8693.627,3.144262,493.90033,0.17331414,11952.093,4.3399086,0,,,,,337.1500129290567,0.00042682956,878.5547603681721,0.00041768738,-0.0044886563,0.012536354
1.0002656,0.00036264682,0,0.002314944,337.1494813118093,878.5548695245144,2086,8696.528,3.144507,494.1686,0.17351326,11955.679,4.3345375,0,,,,,337.1494813118093,0.00042684944,878.5548695245144,0.00041767032,-0.0048576267,0.012529001
0.9996817,0.0003634661,0,0.0023157957,337.14906704319617,878.5555773604625,2087,8693.384,3.1441607,493.33704,0.17344825,11948.699,4.34433,0,,,,,337.14906704319617,0.00042674362,878.5555773604625,0.00041759596,-0.004059751,0.012694093
0.9997687,0.0003634392,0,0.0023166474,337.15079346724264,878.5542104542334,2088,8693.245,3.1441553,494.1548,0.1733372,11949.739,4.3440084,0,,,,,337.15079346724264,0.00042676757,878.5542104542334,0.00041772006,-0.0038170144,0.012419458
1.0003881,0.00036384552,0,0.002317499,337.1503888756376,878.5548593751594,2089,8699.692,3.144915,493.88464,0.17337742,11957.143,4.348865,0,,,,,337.1503888756376,0.00042669804,878.5548593751594,0.00041772675,-0.0036523207,0.012749387
0.99990034,0.0003635503,0,0.0023183501,337.150175645693,878.5551445915142,2090,8695.417,3.1443841,493.71515,0.17333288,11951.3125,4.3453364,0,,,,,337.150175645693,0.00042677822,878.5551445915142,0.00041772847,-0.003757398,0.012613007
0.99987334,0.00036406622,0,0.0023200521,337.1503095914886,878.5541749324519,2092,8694.512,3.144347,493.78235,0.17316473,11950.99,4.351503,0,,,,,337.1503095914886,0.0004268201,878.5541749324519,0.0004177482,-0.0028548501,0.012040611
0.99936604,0.00036416456,0,0.002320903,337.1516378866199,878.5547525347631,2093,8690.642,3.14391,493.7962,0.17332697,11944.927,4.3526783,0,,,,,337.1516378866199,0.00042691,878.5547525347631,0.00041793505,-0.0028122275,0.012423658
1.0002114,0.00036380833,0,0.0023217534,337.1507106589104,878.5537916695592,2094,8696.997,3.144571,493.93497,0.17332187,11955.03,4.3484206,0,,,,,337.1507106589104,0.0004265021,878.5537916695592,0.00041738545,-0.003154442,0.012113647
0.9999663,0.00036390836,0,0.0023226037,337.1499953478624,878.5551610571437,2095,8695.891,3.1444528,492.99878,0.17345099,11952.102,4.349616,0,,,,,337.1499953478624,0.0004269679,878.5551610571437,0.00041784905,-0.003097977,0.012549202
0.99958396,0.00036352055,0,0.002323454,337.1501207450775,878.5541723716138,2096,8691.445,3.1440043,493.57047,0.1734054,11947.531,4.3449807,0,,,,,337.1501207450775,0.00042680698,878.5541723716138,0.0004176798,-0.0036186078,0.012097996
0.9995886,0.0003638085,0,0.002324304,337.1510462710841,878.5553796089234,2097,8692.911,3.1442413,493.90274,0.1732945,11947.587,4.3484225,0,,,,,337.1510462710841,0.00042695738,878.5553796089234,0.00041789474,-0.003601096,0.012527359
0.9997371,0.0003637734,0,0.002325154,337.1504001028303,878.5547143663151,2098,8693.314,3.144175,494.286,0.1733541,11949.361,4.348003,0,,,,,337.1504001028303,0.00042703355,878.5547143663151,0.0004179316,-0.0034107822,0.01233206
1.0005437,0.0003638352,0,0.0023260035,337.1502444705784,878.5548039845361,2099,8701.56,3.145081,493.75595,0.17331795,11959.002,4.3487415,0,,,,,337.1502444705784,0.00042652572,878.5548039845361,0.00041748854,-0.0029253452,0.012577057
0.99960357,0.00036375914,0,0.002326853,337.15108566994917,878.5548650964311,2100,8693.632,3.1442928,493.56226,0.17331496,11947.766,4.3478327,0,,,,,337.15108566994917,0.000426769,878.5548650964311,0.00041776718,-0.0032346726,0.012608172
1.0009176,0.00036404555,0,0.0023277025,337.15023647254833,878.5548750496371,2101,8706.483,3.145471,493.48288,0.17354381,11963.472,4.351256,0,,,,,337.15023647254833,0.000426339,878.5548750496371,0.00041740673,-0.0027139876,0.012836679
1.0001681,0.00036370478,0,0.0023285516,337.1498332754562,878.5549890821002,2102,8699.126,3.1447086,493.17865,0.17340215,11954.513,4.3471828,0,,,,,337.1498332754562,0.00042691344,878.5549890821002,0.00041780647,-0.0034655647,0.012947628
0.9991836,0.00036392195,0,0.0023294005,337.15039599103153,878.5560020899841,2103,8693.051,3.1440809,493.79633,0.17336449,11942.746,4.3497787,0,,,,,337.15039599103153,0.0004270428,878.5560020899841,0.0004179209,-0.0031515276,0.013244963
0.99975723,0.00036399264,0,0.0023302494,337.1504612228752,878.5546980406153,2104,8697.013,3.1446435,493.22437,0.173328,11949.603,4.3506236,0,,,,,337.1504612228752,0.0004268554,878.5546980406153,0.0004177766,-0.0026654834,0.012902705
0.9994795,0.00036391904,8192,0.002331098,337.1494981028737,878.5554245463117,2105,8695.412,3.14438,492.8637,0.17356148,11946.282,4.349744,8192,,,,,337.1494981028737,0.00042708463,878.5554245463117,0.0004180049,-0.0032025115,0.013327524
1.0000926,0.00036390484,0,0.0023319465,337.15044950027465,878.5552321652698,2106,8700.974,3.1448133,492.7762,0.17331482,11953.611,4.349574,0,,,,,337.15044950027465,0.00042676926,878.5552321652698,0.0004177657,-0.0029691092,0.013432612
0.9999489,0.00036416692,0,0.0023327947,337.15094101645434,878.5557411245571,2107,8698.887,3.1447952,494.3256,0.17309809,11951.894,4.3527064,0,,,,,337.15094101645434,0.00042688206,878.5557411245571,0.00041782373,-0.0031913433,0.013405902
0.99985504,0.00036393732,0,0.002333643,337.15045030872193,878.5546500614848,2108,8697.0205,3.1446238,493.13696,0.1731724,11950.771,4.349962,0,,,,,337.15045030872193,0.00042707133,878.5546500614848,0.00041797134,-0.002337266,0.012784516
1.0007539,0.00036410365,0,0.002334491,337.1507014268028,878.5565376468187,2109,8706.709,3.1454642,493.3687,0.17333381,11961.515,4.35195,0,,,,,337.1507014268028,0.00042664222,878.5565376468187,0.00041753714,-0.0026718273,0.013492266
0.99982303,0.00036382122,0,0.0023353386,337.1512991085583,878.5559439643895,2110,8698.195,3.14456,493.2909,0.17343982,11950.389,4.3485746,0,,,,,337.1512991085583,0.0004267391,878.5559439643895,0.00041777905,-0.0025873554,0.013184483
0.99977714,0.0003639839,0,0.0023361861,337.15148660040313,878.555176529442,2111,8698.194,3.1445868,493.31995,0.17342955,11949.84,4.350519,0,,,,,337.15148660040313,0.00042671358,878.555176529442,0.0004177923,-0.002371859,0.013268747
1.0001049,0.00036386782,0,0.0023370336,337.1504774492756,878.5557205941681,2112,8701.798,3.1451204,493.4458,0.17336097,11953.758,4.3491316,0,,,,,337.1504774492756,0.00042684688,878.5557205941681,0.00041776503,-0.0024680584,0.013263366
0.9999403,0.00036416802,0,0.002337881,337.15121193668784,878.5561289437577,2113,8699.676,3.1448276,493.43063,0.17337666,11951.79,4.35272,0,,,,,337.15121193668784,0.00042683663,878.5561289437577,0.00041778723,-0.0028230457,0.013419738
0.9996893,0.00036391566,0,0.002338728,337.15054094331737,878.5559673084624,2114,8698.684,3.144705,493.18848,0.17335217,11948.79,4.3497033,0,,,,,337.15054094331737,0.00042692572,878.5559673084624,0.0004178521,-0.0027990642,0.013689431
1.0002238,0.0003640479,0,0.0023395747,337.15078247549195,878.5558453184115,2115,8704.36,3.1453626,492.72113,0.1733966,11955.179,4.351284,0,,,,,337.15078247549195,0.00042660843,878.5558453184115,0.00041761677,-0.002286613,0.0136723025
0.9997065,0.00036409558,0,0.0023404215,337.151017968918,878.555714266293,2116,8699.68,3.1447709,493.31464,0.17357285,11948.996,4.351854,0,,,,,337.151017968918,0.00042690683,878.555714266293,0.0004178736,-0.0025007082,0.01382136
0.99968594,0.00036393126,0,0.0023412681,337.15048222056555,878.5560222115104,2117,8699.863,3.1449726,494.04825,0.17336147,11948.75,4.3498898,0,,,,,337.15048222056555,0.00042711679,878.5560222115104,0.00041805394,-0.0023543958,0.013676615
0.9994002,0.00036419407,0,0.0023421145,337.1512774819976,878.5571931613881,2118,8698.849,3.147824,493.38083,0.17324921,11945.335,4.353031,0,,,,,337.1512774819976,0.00042684333,878.5571931613881,0.0004178393,-0.0021790764,0.014262984
1.0003678,0.00036419037,0,0.0023429606,337.15025058573974,878.5572611694649,2119,8707.003,3.14855,492.88235,0.1733535,11956.899,4.352987,0,,,,,337.15025058573974,0.00042674798,878.5572611694649,0.00041770877,-0.00237161,0.014309712
0.9998793,0.00036386683,0,0.0023438067,337.15121966151753,878.5567222407284,2120,8701.356,3.146464,492.4151,0.17315115,11951.062,4.3491197,0,,,,,337.15121966151753,0.0004266207,878.5567222407284,0.0004176217,-0.0023670634,0.013795172
0.9996712,0.00036441142,0,0.0023446523,337.15056866185614,878.5573140806632,2121,8701.163,3.1480193,493.27576,0.17333725,11948.574,4.355629,0,,,,,337.15056866185614,0.00042689542,878.5573140806632,0.00041787454,-0.0026768418,0.014333806
1.0006698,0.0003643462,0,0.0023463436,337.150833215431,878.5565420272867,2123,8708.221,3.1486123,493.5922,0.17326352,11960.51,4.3548493,0,,,,,337.150833215431,0.0004266625,878.5565420272867,0.0004176836,-0.0026052452,0.013861866
0.9999334,0.00036417303,0,0.0023471888,337.1511787760892,878.556144009234,2124,8703.447,3.148125,492.94992,0.17346132,11951.708,4.3527794,0,,,,,337.1511787760892,0.0004265633,878.556144009234,0.0004175765,-0.0024225025,0.014300306
0.99989283,0.00036431596,0,0.002348034,337.15088884149714,878.5573927029156,2125,8703.73,3.1481845,492.98822,0.17342757,11951.223,4.354488,0,,,,,337.15088884149714,0.00042694833,878.5573927029156,0.000417939,-0.0022069623,0.014241825
1.000299,0.00036414756,0,0.002348879,337.15078330652847,878.5568550524778,2126,8708.234,3.1485448,492.60538,0.17337327,11956.077,4.352475,0,,,,,337.15078330652847,0.00042672353,878.5568550524778,0.00041773496,-0.0020934164,0.014516239
1.0002291,0.00036389232,0,0.0023497236,337.15032818533217,878.5571333066151,2127,8707.009,3.1485288,492.7203,0.17326593,11955.242,4.3494244,0,,,,,337.15032818533217,0.00042673651,878.5571333066151,0.00041767137,-0.0018489674,0.01442103
1.0002651,0.00036416826,0,0.0023505683,337.1502006167523,878.5576343035463,2128,8708.379,3.1486673,492.87363,0.17337984,11955.673,4.3527226,0,,,,,337.1502006167523,0.00042663628,878.5576343035463,0.00041759724,-0.0021446603,0.014843592
1.000414,0.00036412256,0,0.0023514125,337.15071719690246,878.5568098987993,2129,8707.52,3.1484702,492.99045,0.17328875,11957.452,4.352176,0,,,,,337.15071719690246,0.000426621,878.5568098987993,0.00041760315,-0.0022305688,0.014269754
0.9992411,0.00036420944,0,0.0023522568,337.1510518518215,878.55720987475,2130,8698.881,3.147602,492.1654,0.17343448,11943.434,4.3532147,0,,,,,337.1510518518215,0.00042675145,878.55720987475,0.0004177259,-0.0024981136,0.014632648
1.0001854,0.00036430344,0,0.0023531008,337.15035195414765,878.5579510219221,2131,8707.023,3.1485405,492.9755,0.17350411,11954.72,4.354338,0,,,,,337.15035195414765,0.0004267381,878.5579510219221,0.00041770187,-0.0024440724,0.0146580385
1.0001396,0.0003642271,0,0.0023539448,337.1512947318521,878.5582737161911,2132,8708.076,3.1485682,492.73553,0.17358546,11954.173,4.353426,0,,,,,337.1512947318521,0.0004267573,878.5582737161911,0.00041768697,-0.0024192953,0.015045577
0.9999541,0.00036396142,128,0.0023547884,337.15075761303945,878.5583404308001,2133,8706.66,3.1491377,492.818,0.17335881,11951.955,4.3502502,128,,,,,337.15075761303945,0.0004267871,878.5583404308001,0.00041769852,-0.002276919,0.0150724985
1.0003092,0.00036440592,0,0.002355632,337.1503549157682,878.5581082808407,2134,8710.501,3.1487033,492.4218,0.17328551,11956.2,4.355563,0,,,,,337.1503549157682,0.00042655357,878.5581082808407,0.00041747603,-0.0025286446,0.015351365
0.9999518,0.00036407108,0,0.0023564752,337.1492256571527,878.5572505844885,2135,8705.141,3.1483834,492.63107,0.17340212,11951.928,4.351561,0,,,,,337.1492256571527,0.00042714036,878.5572505844885,0.0004180428,-0.0026661733,0.014729894
1.000525,0.0003642418,0,0.0023573185,337.1505650807212,878.5573804258084,2136,8711.897,3.1489897,493.2813,0.17331634,11958.778,4.3536015,0,,,,,337.1505650807212,0.00042658267,878.5573804258084,0.00041764905,-0.0024147073,0.015041723
0.9998815,0.00036429075,0,0.0023581614,337.1497188891717,878.5576356155468,2137,8705.692,3.1483028,492.9103,0.17320588,11951.088,4.3541865,0,,,,,337.1497188891717,0.00042702453,878.5576356155468,0.00041792134,-0.0026033001,0.014984333
1.0002484,0.00036376156,0,0.0023590042,337.14894186927387,878.5576755786842,2138,8710.773,3.1488981,493.37503,0.17347702,11955.474,4.3478613,0,,,,,337.14894186927387,0.0004266042,878.5576755786842,0.00041750807,-0.002154639,0.015543301
1.0006136,0.00036416206,0,0.0023598468,337.1505358055118,878.5589896135788,2139,8715.102,3.1493492,492.71655,0.17339458,11959.838,4.3526483,0,,,,,337.1505358055118,0.00042662086,878.5589896135788,0.0004175474,-0.00230021,0.015554222
0.9998162,0.00036374392,0,0.0023615316,337.1502076656141,878.5580150861123,2141,8707.466,3.1485183,493.11096,0.17347567,11950.307,4.3476505,0,,,,,337.1502076656141,0.00042667374,878.5580150861123,0.00041763703,-0.0023541204,0.0157072
0.99960846,0.00036402832,0,0.0023623738,337.1502059962612,878.5581810348268,2142,8705.258,3.1482797,492.3599,0.17332804,11947.824,4.35105,0,,,,,337.1502059962612,0.00042675924,878.5581810348268,0.00041774297,-0.002638503,0.015782472
1.0000607,0.00036408738,16,0.0023632157,337.1502405257096,878.558471717002,2143,8708.015,3.1485457,493.1088,0.17355527,11953.229,4.3517556,16,,,,,337.1502405257096,0.00042676856,878.558471717002,0.00041773284,-0.002929983,0.015522981
1.0003464,0.00036367925,16,0.0023640573,337.1500317424551,878.5583625505831,2144,8712.616,3.1490684,492.67828,0.17331053,11956.645,4.3468776,16,,,,,337.1500317424551,0.00042685465,878.5583625505831,0.00041787862,-0.002067982,0.016212558
1.0010381,0.000363517,16,0.002364899,337.1505520434769,878.5599604735116,2145,8720.572,3.1498873,492.55536,0.17332864,11964.912,4.3449383,16,,,,,337.1505520434769,0.00042659795,878.5599604735116,0.00041753353,-0.0022239292,0.016572585
0.99999255,0.00036382393,16,0.0023657402,337.15056384749994,878.5593139324303,2146,8711.6045,3.1491854,495.06177,0.1733788,11952.415,4.348607,16,,,,,337.15056384749994,0.0004267707,878.5593139324303,0.00041767154,-0.0019784989,0.01652496
0.9998788,0.00036370155,16,0.0023665815,337.15105135355344,878.5604303183671,2147,8711.214,3.1488466,492.48038,0.17352645,11951.056,4.347144,16,,,,,337.15105135355344,0.00042650398,878.5604303183671,0.0004174649,-0.0021969872,0.016386181
1.0002065,0.00036394643,16,0.0023674225,337.15159612933604,878.5602026377139,2148,8714.616,3.1493618,492.8531,0.17345646,11954.972,4.350071,16,,,,,337.15159612933604,0.00042648488,878.5602026377139,0.00041755277,-0.001855168,0.016698007
1.0001493,0.0003640194,16,0.0023682634,337.14979407997475,878.5592192640213,2149,8707.055,3.1484709,492.69247,0.17347161,11954.288,4.350943,16,,,,,337.14979407997475,0.0004269008,878.5592192640213,0.0004178223,-0.0031765802,0.01616461
1.0001214,0.00036453077,0,0.002369104,337.15041464630343,878.5594477749876,2150,8713.908,3.149212,493.10028,0.17338374,11953.955,4.3570557,0,,,,,337.15041464630343,0.0004266806,878.5594477749876,0.00041756575,-0.0029762029,0.016045477
0.9999932,0.00036400597,0,0.0023699445,337.15060870769145,878.5602535347335,2151,8712.975,3.1490362,493.23883,0.17331046,11952.423,4.350783,0,,,,,337.15060870769145,0.00042679277,878.5602535347335,0.0004177802,-0.0022783475,0.016143136
1.0001695,0.00036394194,0,0.0023707848,337.1509140132481,878.559507719916,2152,8715.499,3.149223,492.463,0.17358561,11954.53,4.3500175,0,,,,,337.1509140132481,0.000426283,878.559507719916,0.00041725519,-0.0021832983,0.016595645
1.0000058,0.00036380283,16,0.002371625,337.15016547163435,878.5592023333288,2153,8712.83,3.148873,492.24942,0.17335357,11952.573,4.348355,16,,,,,337.15016547163435,0.00042652147,878.5592023333288,0.00041752894,-0.0022243883,0.016245013
0.9998019,0.00036356412,16,0.0023724649,337.1511378850963,878.5597381271555,2154,8711.446,3.1489325,493.19318,0.17326418,11950.136,4.3455014,16,,,,,337.1511378850963,0.0004269118,878.5597381271555,0.0004179098,-0.0021579103,0.01670012
0.9997149,0.0003641434,16,0.0023733047,337.15068625429194,878.5591894438326,2155,8710.326,3.1487863,493.024,0.17349795,11949.097,4.3524256,16,,,,,337.15068625429194,0.00042664344,878.5591894438326,0.00041774818,-0.002495907,0.016711816
1.0003062,0.0003642941,16,0.0023741443,337.1496830382387,878.559287602902,2156,8715.516,3.1493032,493.09543,0.17347285,11956.165,4.3542266,16,,,,,337.1496830382387,0.0004266165,878.559287602902,0.00041759136,-0.0025570737,0.016738959
0.99962586,0.00036433424,16,0.0023749836,337.14976608679643,878.5597189219509,2157,8710.315,3.148881,493.14026,0.17339046,11948.032,4.3547063,16,,,,,337.14976608679643,0.00042718992,878.5597189219509,0.00041813025,-0.002637058,0.017008675
0.9998356,0.00036394282,16,0.002375823,337.1501698342416,878.5604287894649,2158,8713.019,3.1491797,493.54163,0.17349967,11950.539,4.350028,16,,,,,337.1501698342416,0.000426943,878.5604287894649,0.00041790633,-0.0023903928,0.017131886
1.0005835,0.00036381325,16,0.0023766619,337.1500436681622,878.5610396169373,2159,8720.851,3.1499474,493.1944,0.17341226,11959.479,4.3484793,16,,,,,337.1500436681622,0.0004265205,878.5610396169373,0.00041755527,-0.0023572582,0.01749424
0.9999227,0.0003640797,16,0.0023775008,337.1504551098599,878.5611865038006,2160,8716.627,3.1494477,493.638,0.17338319,11951.58,4.351664,16,,,,,337.1504551098599,0.0004269296,878.5611865038006,0.00041778054,-0.0030117438,0.017969213
1.0005585,0.00036466794,16,0.0023783394,337.14909052133316,878.5610522411268,2161,8719.865,3.1499033,494.04126,0.17336461,11959.179,4.358695,16,,,,,337.14909052133316,0.00042690424,878.5610522411268,0.0004177663,-0.0037714308,0.018071825
1.0001572,0.0003643916,16,0.002379178,337.1493828469727,878.5606079662955,2162,8714.067,3.149276,493.64438,0.17332718,11954.384,4.355392,16,,,,,337.1493828469727,0.0004269385,878.5606079662955,0.0004178265,-0.004344836,0.017164083
1.000439,0.00036443656,0,0.0023800163,337.14968966562,878.561536924809,2163,8719.071,3.1497245,493.84335,0.17350811,11957.751,4.3559294,0,,,,,337.14968966562,0.00042679335,878.561536924809,0.00041764422,-0.004083841,0.017871697
0.9996262,0.0003644817,0,0.0023808545,337.15010154398294,878.5618041730833,2164,8712.236,3.1491594,493.34686,0.17328256,11948.036,4.356469,0,,,,,337.15010154398294,0.00042690468,878.5618041730833,0.00041773514,-0.0043668854,0.017889608
0.9997136,0.0003645019,0,0.0023816924,337.14835024243115,878.5615078466534,2165,8715.955,3.1494186,493.98175,0.17334843,11949.081,4.3567104,0,,,,,337.14835024243115,0.0004265591,878.5615078466534,0.00041738208,-0.0041603465,0.0183123
0.9999022,0.0003642475,0,0.0023825301,337.15029168866914,878.5618002983007,2166,8717.264,3.14952,493.55368,0.17330149,11951.335,4.3536696,0,,,,,337.15029168866914,0.00042678064,878.5618002983007,0.00041765562,-0.004365064,0.017986808
0.9995998,0.00036447792,0,0.0023833679,337.1492124447094,878.561862718373,2167,8716.246,3.1495898,493.62762,0.17343143,11947.721,4.356424,0,,,,,337.1492124447094,0.00042705913,878.561862718373,0.00041791046,-0.004005847,0.018556574
0.99976313,0.00036417658,0,0.0023842053,337.1491616825256,878.562617752752,2168,8715.83,3.1493902,493.52487,0.1734171,11949.673,4.352822,0,,,,,337.1491616825256,0.0004268258,878.562617752752,0.00041764078,-0.004464655,0.018170778
1.000047,0.00036444326,0,0.0023850424,337.14836981855814,878.5616925535205,2169,8719.561,3.1497052,493.43817,0.17340554,11953.065,4.3560095,0,,,,,337.14836981855814,0.00042660092,878.5616925535205,0.00041761584,-0.004648776,0.018686745
1.0008742,0.00036442166,0,0.0023858796,337.1498421882709,878.5618457193974,2170,8725.935,3.1504302,493.16953,0.17351985,11962.952,4.3557515,0,,,,,337.1498421882709,0.00042635188,878.5618457193974,0.00041725786,-0.0050212704,0.018591294
1.0002224,0.00036461433,0,0.0023867164,337.14936190735796,878.561921095023,2171,8721.463,3.1498506,493.18295,0.17372848,11955.162,4.358054,0,,,,,337.14936190735796,0.00042655022,878.561921095023,0.00041743772,-0.0051366566,0.018846774
0.99982107,0.00036405525,0,0.002387553,337.1491289288567,878.5617637604205,2172,8716.497,3.1494818,493.24026,0.17345558,11950.365,4.351372,0,,,,,337.1491289288567,0.00042678858,878.5617637604205,0.00041762623,-0.0047036763,0.018534685
0.99990034,0.0003645461,0,0.0023883895,337.14992568144066,878.562982156025,2173,8718.927,3.1496544,493.35776,0.17334531,11951.3125,4.357239,0,,,,,337.14992568144066,0.00042682482,878.562982156025,0.00041774448,-0.0041718087,0.018895326
0.9996262,0.00036447673,0,0.0023892259,337.1490383184527,878.5613936743782,2174,8715.414,3.1493638,493.42807,0.17332691,11948.036,4.3564095,0,,,,,337.1490383184527,0.0004270104,878.5613936743782,0.0004178721,-0.0039619496,0.01841529
1.0000831,0.00036460903,0,0.0023900622,337.14804494652884,878.5616432858291,2175,8719.351,3.1498125,493.03314,0.17338303,11953.497,4.3579907,0,,,,,337.14804494652884,0.00042676445,878.5616432858291,0.00041756025,-0.00385133,0.018573117
1.0007665,0.00036442504,0,0.002390898,337.14939092879774,878.5611605120274,2176,8723.596,3.1500742,493.6472,0.1731903,11961.666,4.3557916,0,,,,,337.14939092879774,0.00042670305,878.5611605120274,0.0004176394,-0.0035571249,0.01783497
1.0001515,0.00036452792,0,0.002391734,337.1500443579302,878.5616161787092,2177,8719.85,3.1497335,492.599,0.17350042,11954.314,4.3570213,0,,,,,337.1500443579302,0.00042679795,878.5616161787092,0.00041773694,-0.0030817073,0.018175574
0.9997102,0.00036437975,0,0.0023925696,337.1491460346989,878.5615847466111,2178,8715.383,3.1493626,493.0629,0.17349978,11949.04,4.3552504,0,,,,,337.1491460346989,0.00042683206,878.5615847466111,0.00041779559,-0.0028785607,0.01780576
1.0005436,0.00036424218,0,0.002393405,337.1502846310028,878.5624362973886,2179,8723.696,3.1501079,492.96857,0.173413,11959.001,4.353606,0,,,,,337.1502846310028,0.00042675427,878.5624362973886,0.00041769422,-0.003051175,0.018233836
1.0000876,0.00036434783,0,0.0023942401,337.1500169495056,878.5621089214974,2180,8720.761,3.149859,492.96542,0.17352003,11953.551,4.354869,0,,,,,337.1500169495056,0.00042656355,878.5621089214974,0.00041748033,-0.003103047,0.018327337
1.0002435,0.00036425344,0,0.0023950753,337.14966881824995,878.5625832276756,2181,8722.402,3.1500247,493.06723,0.17313872,11955.415,4.3537407,0,,,,,337.14966881824995,0.00042681445,878.5625832276756,0.00041772707,-0.0034528547,0.018504085
1.0004658,0.0003645866,0,0.0023959102,337.14958793294,878.5623507660923,2182,8723.5205,3.150032,492.9556,0.17357433,11958.071,4.3577228,0,,,,,337.14958793294,0.00042662228,878.5623507660923,0.00041755335,-0.0036866711,0.01829602
1.0004742,0.00036434698,0,0.0023967447,337.14869211544834,878.5623555577375,2183,8723.6455,3.1500535,492.93097,0.17338695,11958.172,4.354859,0,,,,,337.14869211544834,0.00042654425,878.5623555577375,0.00041742783,-0.0035677347,0.018501887
0.9995183,0.00036426916,0,0.0023975794,337.15018337278275,878.5626629685605,2184,8716.701,3.1495671,492.17984,0.17338163,11946.746,4.3539286,0,,,,,337.15018337278275,0.00042687147,878.5626629685605,0.0004178104,-0.0036239426,0.01869741
0.99962777,0.00036411206,0,0.0023984136,337.14903926010544,878.5626988868448,2185,8718.201,3.149633,492.19855,0.17333956,11948.055,4.352051,0,,,,,337.14903926010544,0.0004269258,878.5626988868448,0.00041782562,-0.0034935889,0.018998254
1.0001427,0.00036445344,0,0.0023992478,337.14909482472166,878.5633360792423,2186,8723.349,3.150139,492.2418,0.17338876,11954.21,4.356131,0,,,,,337.14909482472166,0.00042682598,878.5633360792423,0.00041767617,-0.0034425124,0.019080993
1.0001543,0.00036435205,0,0.0024000818,337.1492729706881,878.5621828216543,2187,8722.796,3.150057,492.52155,0.17342868,11954.348,4.3549194,0,,,,,337.1492729706881,0.0004269566,878.5621828216543,0.000417882,-0.0036718692,0.018829277
0.99987483,0.00036439087,0,0.0024009156,337.1493100366962,878.5627335130004,2188,8720.639,3.14979,492.09192,0.17331237,11951.008,4.3553834,0,,,,,337.1493100366962,0.0004269133,878.5627335130004,0.00041781244,-0.0039396603,0.019105276
0.999837,0.00036442635,0,0.0024017491,337.14915113600796,878.5629115031127,2189,8718.373,3.14944,492.397,0.17339496,11950.556,4.3558073,0,,,,,337.14915113600796,0.00042684263,878.5629115031127,0.00041769168,-0.0043010926,0.018572792
1.0004045,0.0003645708,0,0.0024025827,337.1492763740723,878.5631535621937,2190,8724.044,3.1501045,493.2251,0.1732677,11957.339,4.357534,0,,,,,337.1492763740723,0.00042673943,878.5631535621937,0.00041764544,-0.004026916,0.018779574
0.999713,0.0003644826,0,0.0024034157,337.1496637970882,878.5622001154674,2191,8718.27,3.149678,492.61487,0.1733134,11949.073,4.3564796,0,,,,,337.1496637970882,0.0004267901,878.5622001154674,0.00041770414,-0.003835492,0.018408734
1.0002376,0.00036437748,0,0.0024042488,337.14872522717644,878.5632735801224,2192,8724.972,3.1502585,492.52853,0.173382,11955.344,4.355223,0,,,,,337.14872522717644,0.00042681958,878.5632735801224,0.0004177282,-0.0039013724,0.019220112
1.0005555,0.0003644379,0,0.0024050816,337.14851966335584,878.562884993877,2193,8727.401,3.1505103,492.71335,0.17332986,11959.144,4.3559456,0,,,,,337.14851966335584,0.00042654964,878.562884993877,0.00041745618,-0.00413264,0.018977415
0.9993333,0.00036436995,0,0.0024059145,337.14856550939083,878.5627134394052,2194,8716.834,3.1494637,492.6282,0.17323454,11944.535,4.355133,0,,,,,337.14856550939083,0.0004270666,878.5627134394052,0.00041794218,-0.0041219415,0.019233923
1.0000246,0.0003646093,0,0.0024067468,337.14899216268464,878.5638689062356,2195,8721.799,3.1498806,492.80637,0.17336449,11952.797,4.357994,0,,,,,337.14899216268464,0.0004267192,878.5638689062356,0.00041752425,-0.0042561092,0.018879397
0.9999169,0.0003647035,0,0.0024075792,337.1483534244916,878.5629812495508,2196,8721.623,3.1500568,493.03143,0.17355262,11951.511,4.35912,0,,,,,337.1483534244916,0.00042684682,878.5629812495508,0.00041769695,-0.0044301944,0.019111017
1.0000217,0.0003646411,0,0.0024084114,337.14835949683476,878.5624515098963,2197,8721.507,3.1499097,493.1391,0.173533,11952.763,4.358374,0,,,,,337.14835949683476,0.00042694886,878.5624515098963,0.00041784073,-0.004208329,0.018565433
0.99999666,0.00036439925,0,0.0024092433,337.148797958612,878.5621984702068,2198,8723.169,3.1500618,492.54105,0.1733565,11952.464,4.3554835,0,,,,,337.148797958612,0.00042673093,878.5621984702068,0.00041763502,-0.0036271638,0.018958112
0.999256,0.00036448138,0,0.0024100752,337.14915271456624,878.5630926317733,2199,8716.373,3.1494055,493.0336,0.17330226,11943.611,4.3564653,0,,,,,337.14915271456624,0.0004271262,878.5630926317733,0.00041798575,-0.0037732685,0.01906655
0.9994973,0.00036457434,0,0.0024109066,337.1488701239304,878.5636561772153,2200,8719.968,3.1497138,492.15482,0.17333746,11946.495,4.3575764,0,,,,,337.1488701239304,0.000426896,878.5636561772153,0.00041776831,-0.0038292774,0.019407563
1.0003377,0.00036453267,0,0.002411738,337.1498745896691,878.5631848014165,2201,8726.181,3.1503885,492.7504,0.17334756,11956.54,4.357078,0,,,,,337.1498745896691,0.00042664196,878.5631848014165,0.00041758915,-0.0037666075,0.019113474
0.99960667,0.00036429835,0,0.0024125692,337.14872279097153,878.5639168230158,2202,8720.462,3.1496542,492.5962,0.17322125,11947.803,4.3542776,0,,,,,337.14872279097153,0.0004268332,878.5639168230158,0.0004177159,-0.0040187268,0.019474108
1.0004439,0.0003646291,0,0.0024134004,337.1481931173519,878.5635594755191,2203,8726.307,3.1502523,492.60068,0.17338695,11957.81,4.3582306,0,,,,,337.1481931173519,0.0004267898,878.5635594755191,0.0004176479,-0.0044212467,0.019070104
0.99992245,0.00036478147,0,0.0024142312,337.1484502600439,878.5631666382297,2204,8722.239,3.1499195,492.59695,0.17345697,11951.577,4.360052,0,,,,,337.1484502600439,0.00042686725,878.5631666382297,0.0004177682,-0.0046745753,0.019241434
0.9999337,0.00036467172,0,0.002415062,337.1486984587187,878.5635340870496,2205,8722.688,3.1500816,492.39383,0.17348346,11951.712,4.3587403,0,,,,,337.1486984587187,0.0004269813,878.5635340870496,0.00041785618,-0.0045767543,0.019346999
1.0000495,0.00036475228,0,0.0024158924,337.1483853182168,878.5634206144971,2206,8724.222,3.1501968,492.54056,0.17331018,11953.096,4.359703,0,,,,,337.1483853182168,0.00042673195,878.5634206144971,0.00041758074,-0.0045059314,0.019632217
0.99961084,0.00036460048,0,0.0024167227,337.1489767516558,878.5643071500849,2207,8721.963,3.1499925,492.84964,0.17328921,11947.853,4.3578887,0,,,,,337.1489767516558,0.00042661896,878.5643071500849,0.00041761028,-0.004464201,0.019836426
1.0001367,0.00036465627,0,0.0024175528,337.14927862149807,878.5648517152173,2208,8726.134,3.1502945,492.95078,0.17340462,11954.138,4.3585553,0,,,,,337.14927862149807,0.00042659772,878.5648517152173,0.0004174685,-0.0044664955,0.019746305
0.9995208,0.00036469247,0,0.0024183828,337.14905163328683,878.5645245600034,2209,8722.221,3.1498814,492.77103,0.17340776,11946.776,4.3589883,0,,,,,337.14905163328683,0.00042695474,878.5645245600034,0.00041782056,-0.0044177226,0.020014117
0.9999017,0.00036468523,0,0.0024192124,337.148751616735,878.5636946658536,2210,8723.691,3.149974,493.00714,0.17336608,11951.329,4.3589015,0,,,,,337.148751616735,0.000426806,878.5636946658536,0.00041767227,-0.004905242,0.019575117
1.0002652,0.00036475397,128,0.002420042,337.1486464058711,878.5651370826793,2211,8727.108,3.1509264,492.7548,0.17340267,11955.674,4.359723,128,,,,,337.1486464058711,0.0004265144,878.5651370826793,0.00041730105,-0.005032373,0.019633306
1.000739,0.00036485406,0,0.0024208713,337.1480126243478,878.5635056870581,2212,8731.713,3.1508255,492.77808,0.17351255,11961.337,4.3609195,0,,,,,337.1480126243478,0.00042678867,878.5635056870581,0.00041765132,-0.0048084753,0.019707171
0.9998023,0.00036457478,0,0.0024217006,337.148663511042,878.564319141362,2213,8724.917,3.150159,492.5331,0.17337945,11950.141,4.3575816,0,,,,,337.148663511042,0.00042696003,878.564319141362,0.00041772614,-0.004699715,0.02014007
1.0005068,0.00036471814,0,0.0024225295,337.14852120314083,878.564542054106,2214,8729.967,3.1507552,492.66806,0.17361459,11958.562,4.359295,0,,,,,337.14852120314083,0.00042676137,878.564542054106,0.00041759328,-0.0047848136,0.019955905
0.9999238,0.00036471212,0,0.0024233584,337.1479023380103,878.565180290692,2215,8727.517,3.150378,492.00253,0.17351119,11951.594,4.359223,0,,,,,337.1479023380103,0.00042664557,878.565180290692,0.00041751075,-0.005171214,0.02075949
0.9999679,0.0003646579,0,0.002424187,337.14815012221186,878.5649723930089,2216,8726.425,3.150353,492.63205,0.17340584,11952.12,4.358575,0,,,,,337.14815012221186,0.000426746,878.5649723930089,0.0004175778,-0.005240179,0.020279823
0.99985826,0.0003646279,0,0.0024250154,337.14763705804216,878.5642539295189,2217,8726.526,3.1504636,492.87875,0.17335561,11950.81,4.3582163,0,,,,,337.14763705804216,0.00042702697,878.5642539295189,0.00041789544,-0.0052559692,0.020678964
1.0006603,0.00036474183,0,0.0024258438,337.14818727618245,878.5645928961301,2218,8731.503,3.1507804,492.20142,0.17351773,11960.3955,4.359578,0,,,,,337.14818727618245,0.00042674126,878.5645928961301,0.0004174975,-0.0054564537,0.020088999
1.0005229,0.00036461887,0,0.0024266718,337.1483199925917,878.5649417010892,2219,8730.419,3.1506543,493.0946,0.17319293,11958.753,4.3581085,0,,,,,337.1483199925917,0.00042660887,878.5649417010892,0.0004174559,-0.005314535,0.02035087
0.9999572,0.00036473462,0,0.0024274997,337.1486388478977,878.5648168927512,2220,8726.254,3.1503046,492.14993,0.17339975,11951.992,4.359492,0,,,,,337.1486388478977,0.00042698788,878.5648168927512,0.00041776476,-0.005361131,0.020401455
1.0002794,0.0003646746,0,0.0024283275,337.14878326529924,878.5662621485169,2221,8731.103,3.1507492,492.4534,0.17344935,11955.844,4.3587747,0,,,,,337.14878326529924,0.00042667007,878.5662621485169,0.00041750923,-0.0050004935,0.020866893
0.9999023,0.00036462554,0,0.002429155,337.14874276570487,878.5660201068051,2222,8727.029,3.1504562,492.5767,0.17339443,11951.336,4.358188,0,,,,,337.14874276570487,0.00042766365,878.5660201068051,0.0004181641,-0.0053406246,0.020638399
1.0003445,0.00036482126,0,0.0024299824,337.1480774575422,878.5656490198495,2223,8731.735,3.1507933,492.50745,0.17328489,11956.622,4.3605275,0,,,,,337.1480774575422,0.0004266475,878.5656490198495,0.0004175167,-0.005341154,0.02102165
0.99955726,0.0003646629,0,0.0024308094,337.1483697848607,878.5652978980728,2224,8724.044,3.150179,491.83585,0.17345385,11947.212,4.358635,0,,,,,337.1483697848607,0.00042684627,878.5652978980728,0.0004177275,-0.0055975085,0.02068386
1.0000874,0.00036481215,0,0.0024316364,337.147858520352,878.5653738094129,2225,8728.947,3.1505976,492.16617,0.17358127,11953.548,4.360419,0,,,,,337.147858520352,0.0004266655,878.5653738094129,0.00041749072,-0.0056503653,0.020864328
0.9995311,0.00036458473,0,0.0024324632,337.14745261347923,878.564190364182,2226,8722.528,3.1500275,492.66293,0.17325419,11946.899,4.3577003,0,,,,,337.14745261347923,0.00042719167,878.564190364182,0.00041801177,-0.0058425236,0.020498706
0.9998098,0.00036464585,0,0.0024332898,337.14763940910234,878.5664460160716,2227,8727.396,3.150386,492.85437,0.17328438,11950.23,4.358431,0,,,,,337.14763940910234,0.00042680386,878.5664460160716,0.00041756046,-0.006091212,0.021049906
1.0000507,0.00036482245,0,0.0024341163,337.1478590526975,878.5654834472391,2228,8729.709,3.1506693,492.25162,0.17338511,11953.109,4.360542,0,,,,,337.1478590526975,0.0004268852,878.5654834472391,0.00041777274,-0.005852017,0.021000976
1.0003614,0.00036482105,0,0.0024349424,337.1484079583761,878.5654108576132,2229,8732.643,3.150891,492.20615,0.17329864,11956.824,4.360525,0,,,,,337.1484079583761,0.00042646937,878.5654108576132,0.00041734136,-0.0058764312,0.021092147
1.0002398,0.00036484475,0,0.0024357685,337.1473343943862,878.5660537690608,2230,8732.77,3.1509755,491.94952,0.17339693,11955.37,4.3608084,0,,,,,337.1473343943862,0.00042673596,878.5660537690608,0.0004175247,-0.0058071557,0.02146457
0.99985385,0.0003647591,0,0.0024365943,337.14798557287844,878.5664210723169,2231,8729.6045,3.1506045,492.51187,0.17342179,11950.757,4.3597846,0,,,,,337.14798557287844,0.00042673762,878.5664210723169,0.0004176219,-0.005899097,0.02148629
0.9997171,0.00036457894,0,0.00243742,337.1471432208841,878.5650347155012,2232,8727.357,3.150338,492.55438,0.17336163,11949.123,4.357631,0,,,,,337.1471432208841,0.00042676186,878.5650347155012,0.0004175513,-0.005897125,0.021350054
1.0009508,0.0003647484,0,0.0024382453,337.1476579301271,878.5666029050572,2233,8737.317,3.1513224,492.38446,0.17338596,11963.868,4.359657,0,,,,,337.1476579301271,0.0004264169,878.5666029050572,0.00041720495,-0.0059195594,0.021080678
0.9997538,0.00036452877,0,0.0024390707,337.14737784535134,878.5667531932455,2234,8727.663,3.1504014,491.85364,0.17352033,11949.561,4.3570313,0,,,,,337.14737784535134,0.00042682246,878.5667531932455,0.0004176139,-0.0060134395,0.021330358
0.9999294,0.0003645356,0,0.0024398959,337.14762413272115,878.5652683610925,2235,8728.284,3.1504376,492.39078,0.17325592,11951.66,4.3571134,0,,,,,337.14762413272115,0.0004269429,878.5652683610925,0.00041779224,-0.005948961,0.02110257
1.0001593,0.0003646234,0,0.0024407208,337.1475196897711,878.5661544543785,2236,8732.61,3.1511388,494.81085,0.17356938,11954.407,4.358163,0,,,,,337.1475196897711,0.00042674778,878.5661544543785,0.00041753016,-0.0059305886,0.021644931
0.9999535,0.00036472207,0,0.0024415455,337.14824592188734,878.5664998877792,2237,8730.434,3.1506348,492.11768,0.17322242,11951.948,4.359342,0,,,,,337.14824592188734,0.00042689082,878.5664998877792,0.00041766855,-0.006038752,0.021276016
1.0007317,0.00036467673,0,0.00244237,337.14809181452966,878.5659202117672,2238,8738.603,3.1513855,491.43494,0.17337817,11961.249,4.3588,0,,,,,337.14809181452966,0.00042647557,878.5659202117672,0.00041739526,-0.0058617597,0.02174105
1.0002707,0.0003647387,0,0.0024431944,337.14817960275633,878.56658083119,2239,8733.726,3.151124,492.33047,0.17337222,11955.74,4.3595405,0,,,,,337.14817960275633,0.0004267666,878.56658083119,0.00041764995,-0.005814469,0.021587763
1.0005636,0.0003648136,0,0.0024440186,337.1479174492018,878.5671750182572,2240,8738.109,3.1514041,492.0226,0.17328392,11959.24,4.360436,0,,,,,337.1479174492018,0.000426618,878.5671750182572,0.00041751875,-0.005866653,0.022269454
1.0005503,0.0003645919,0,0.0024448426,337.1481260263352,878.5669189337879,2241,8735.99,3.1511896,492.31967,0.17330827,11959.081,4.357786,0,,,,,337.1481260263352,0.0004266702,878.5669189337879,0.0004173955,-0.0065248054,0.021597426
0.9999259,0.00036449483,0,0.0024456664,337.14661404152855,878.5666435691938,2242,8730.714,3.1505902,492.09467,0.17331973,11951.618,4.356626,0,,,,,337.14661404152855,0.00042704746,878.5666435691938,0.0004178199,-0.0063400283,0.02192902
1.0003408,0.00036470266,0,0.0024464899,337.1479783154885,878.5673675512685,2243,8735.754,3.151161,491.87384,0.17333375,11956.578,4.35911,0,,,,,337.1479783154885,0.00042684717,878.5673675512685,0.00041761118,-0.0064805,0.022123547
0.9993186,0.00036431768,0,0.0024473134,337.14738323223634,878.5679908976065,2244,8727.88,3.1503775,492.05923,0.17335944,11944.359,4.3545084,0,,,,,337.14738323223634,0.00042707022,878.5679908976065,0.0004178452,-0.0068835225,0.022685269
1.0002956,0.00036450295,0,0.0024481367,337.147154308323,878.5683621641957,2245,8737.283,3.1513336,492.0626,0.17343314,11956.038,4.356723,0,,,,,337.147154308323,0.00042679717,878.5683621641957,0.00041753417,-0.0071158707,0.022710614
1.000498,0.00036433662,0,0.0024489597,337.14722514588016,878.5690092470446,2246,8738.891,3.1514215,491.9908,0.1731493,11958.457,4.354735,0,,,,,337.14722514588016,0.00042687386,878.5690092470446,0.00041759046,-0.0074526975,0.0232855
0.9994194,0.0003640544,0,0.0024497826,337.1471217381762,878.5690253964314,2247,8730.471,3.1505797,491.6355,0.17322165,11945.564,4.3513618,0,,,,,337.1471217381762,0.0004271829,878.5690253964314,0.00041778546,-0.007899487,0.02350993
0.9999638,0.00036419116,0,0.0024506052,337.147225495838,878.5686655774279,2248,8734.931,3.1509557,491.4231,0.17347051,11952.071,4.3529963,0,,,,,337.147225495838,0.0004269609,878.5686655774279,0.00041769654,-0.00750575,0.023260998
1.0004431,0.00036430164,0,0.0024514275,337.1475952180433,878.5687714653494,2249,8740.894,3.1515033,491.49792,0.17349477,11957.8,4.3543167,0,,,,,337.1475952180433,0.00042664362,878.5687714653494,0.0004174288,-0.00782695,0.023391286
1.0002651,0.00036406884,0,0.0024522499,337.14587137576785,878.5691159225029,2250,8737.632,3.1514149,491.90088,0.17328295,11955.673,4.3515344,0,,,,,337.14587137576785,0.00042696294,878.5691159225029,0.00041766601,-0.008200716,0.023263518
1.0001014,0.00036407023,0,0.002453072,337.1465248346443,878.5680491085393,2251,8736.557,3.1511133,491.49414,0.17333485,11953.716,4.351551,0,,,,,337.1465248346443,0.0004266236,878.5680491085393,0.00041745012,-0.008055245,0.023358792
1.0004429,0.000364283,0,0.002453894,337.1470877833091,878.5676633825933,2252,8740.387,3.1516654,491.81644,0.17334661,11957.798,4.354094,0,,,,,337.1470877833091,0.00042678,878.5676633825933,0.00041758377,-0.007952196,0.023227276
0.99925226,0.00036369034,0,0.0024547155,337.1464956700441,878.5684768266809,2253,8730.047,3.1504683,491.18222,0.17326295,11943.566,4.34701,0,,,,,337.1464956700441,0.00042716003,878.5684768266809,0.0004178915,-0.008340444,0.02360331
0.9999321,0.00036376817,0,0.0024555372,337.1469940414555,878.5685170071371,2254,8735.031,3.1509793,491.3594,0.17341213,11951.692,4.3479404,0,,,,,337.1469940414555,0.00042647994,878.5685170071371,0.0004172176,-0.008082011,0.02318471
0.9995865,0.00036396112,0,0.0024563586,337.1474835525593,878.5691480271383,2255,8732.546,3.1507847,490.7957,0.17350017,11947.562,4.350247,0,,,,,337.1474835525593,0.00042694225,878.5691480271383,0.00041772216,-0.007947525,0.023709584
1.0003997,0.0003641735,0,0.0024571796,337.1473989876301,878.5683748758245,2256,8738.658,3.1513038,491.4442,0.17338385,11957.281,4.352785,0,,,,,337.1473989876301,0.00042647222,878.5683748758245,0.00041727535,-0.007405704,0.023028957
0.99987674,0.00036424835,0,0.0024580006,337.14651356328824,878.5689701482111,2257,8736.0,3.1510801,490.44684,0.17341495,11951.03,4.3536797,0,,,,,337.14651356328824,0.0004268716,878.5689701482111,0.00041757236,-0.0074198754,0.023570323
0.99951607,0.00036442874,0,0.0024588215,337.1466542309486,878.5681090125483,2258,8732.288,3.1507592,491.32053,0.17348501,11946.72,4.355836,0,,,,,337.1466542309486,0.00042685546,878.5681090125483,0.00041765338,-0.0066687227,0.023060454
1.0000587,0.00036419037,0,0.002459642,337.14698106668703,878.5684747662626,2259,8736.911,3.1512907,490.92096,0.17343937,11953.205,4.352987,0,,,,,337.14698106668703,0.0004267538,878.5684747662626,0.0004175816,-0.0069328747,0.023188064
1.0002238,0.0003640866,0,0.0024604625,337.1468087054925,878.5681788915279,2260,8736.573,3.1510978,491.73282,0.17319557,11955.178,4.3517466,0,,,,,337.1468087054925,0.00042690252,878.5681788915279,0.00041770257,-0.0073215724,0.022705758
0.9998574,0.00036442708,0,0.0024612828,337.14730127688,878.5680876599984,2261,8735.259,3.151016,491.60873,0.17331071,11950.8,4.355816,0,,,,,337.14730127688,0.0004266558,878.5680876599984,0.00041751366,-0.006707882,0.023059528
1.0001612,0.00036434695,0,0.0024621026,337.1471073687994,878.5676054122123,2262,8738.128,3.1512723,490.7578,0.17326504,11954.431,4.3548584,0,,,,,337.1471073687994,0.0004266473,878.5676054122123,0.00041747655,-0.006775121,0.022956708
1.0000349,0.0003645175,0,0.0024629226,337.1472498477041,878.5688157509804,2263,8737.301,3.1512353,491.22775,0.17338382,11952.921,4.356897,0,,,,,337.1472498477041,0.0004269789,878.5688157509804,0.00041773845,-0.006579422,0.02328608
0.9996853,0.0003642615,0,0.0024637422,337.14737800516485,878.5683677817407,2264,8733.326,3.1508849,490.50668,0.17336963,11948.742,4.353837,0,,,,,337.14737800516485,0.00042696405,878.5683677817407,0.00041773528,-0.006817783,0.0230285
0.99960196,0.00036438243,0,0.0024645617,337.14785364157245,878.56917553217,2265,8735.433,3.1509326,490.61606,0.17344841,11947.746,4.3552823,0,,,,,337.14785364157245,0.00042677158,878.56917553217,0.000417546,-0.006531282,0.02351129
1.0001768,0.00036453002,0,0.0024653808,337.14735374396287,878.5691050019577,2266,8740.16,3.1515176,490.7018,0.17343117,11954.617,4.3570466,0,,,,,337.14735374396287,0.00042647016,878.5691050019577,0.00041726098,-0.0069720494,0.023511384
0.9997982,0.00036463857,0,0.0024662,337.14735755888603,878.56905211007,2267,8736.722,3.1511211,490.49103,0.17336075,11950.092,4.358344,0,,,,,337.14735755888603,0.00042670948,878.56905211007,0.00041758976,-0.0062185526,0.023438398
1.0000505,0.0003646756,0,0.0024678377,337.14713232771527,878.5677503621583,2269,8738.588,3.1512034,490.8612,0.17347386,11953.108,4.3587866,0,,,,,337.14713232771527,0.00042662106,878.5677503621583,0.0004174617,-0.0063644894,0.0233684
1.0001857,0.00036468322,0,0.002468656,337.1474577097975,878.5699389850158,2270,8740.513,3.1516085,490.56046,0.17346907,11954.724,4.3588777,0,,,,,337.1474577097975,0.0004266997,878.5699389850158,0.00041747504,-0.0063756127,0.023483992
0.99960536,0.0003643064,0,0.0024694744,337.145723593422,878.5678649978541,2271,8733.47,3.1508257,490.89093,0.17340076,11947.787,4.354374,0,,,,,337.145723593422,0.0004269887,878.5678649978541,0.00041777146,-0.0070661795,0.0231816
0.99955857,0.000364181,0,0.0024702926,337.14707001863525,878.5689541789177,2272,8735.894,3.1509998,490.26624,0.1732598,11947.228,4.3528748,0,,,,,337.14707001863525,0.00042707138,878.5689541789177,0.0004178172,-0.0067618503,0.023918437
1.000096,0.00036474378,0,0.0024711106,337.1468950086265,878.5692284198568,2273,8740.437,3.151541,490.79617,0.1733464,11953.65,4.3596015,0,,,,,337.1468950086265,0.00042681512,878.5692284198568,0.00041756843,-0.0067197,0.023741957
0.9998218,0.00036446162,0,0.0024719283,337.14746194058546,878.5691057000938,2274,8739.516,3.1514394,490.7216,0.17333467,11950.374,4.356229,0,,,,,337.14746194058546,0.0004269669,878.5691057000938,0.0004177572,-0.0065067764,0.024167905
1.000352,0.00036469774,128,0.0024727457,337.14703058559536,878.5694111367694,2275,8743.066,3.15254,490.02957,0.17343444,11956.711,4.359051,128,,,,,337.14703058559536,0.00042632787,878.5694111367694,0.00041719867,-0.0065351543,0.023838786
1.0005332,0.00036436535,0,0.0024735632,337.14713764742925,878.569775486996,2276,8745.18,3.151795,490.47015,0.17334351,11958.877,4.355078,0,,,,,337.14713764742925,0.00042639434,878.569775486996,0.00041723705,-0.0066385246,0.024241593
0.9997245,0.00036448165,0,0.0024743804,337.1471478008494,878.5689227559176,2277,8736.634,3.1511729,490.49146,0.17327662,11949.211,4.356468,0,,,,,337.1471478008494,0.0004271197,878.5689227559176,0.00041791238,-0.0067593176,0.023823261
0.9995972,0.00036451613,0,0.0024751972,337.14739637821106,878.5699987333869,2278,8737.953,3.1511362,490.16336,0.17332494,11947.689,4.3568807,0,,,,,337.14739637821106,0.0004266971,878.5699987333869,0.00041750507,-0.0064502563,0.024243092
0.99965715,0.00036481122,0,0.0024760142,337.147787630615,878.5697207845491,2279,8738.578,3.1513176,490.09418,0.17327715,11948.406,4.3604074,0,,,,,337.147787630615,0.00042702435,878.5697207845491,0.00041779494,-0.006068241,0.024179278
0.9998043,0.0003642939,0,0.0024768307,337.1473349906481,878.5703945750026,2280,8740.932,3.1515415,490.1643,0.17324674,11950.165,4.354224,0,,,,,337.1473349906481,0.00042693503,878.5703945750026,0.00041774695,-0.0058754985,0.024668409
1.0003041,0.0003646754,0,0.002477647,337.14694266792895,878.5699402467841,2281,8745.309,3.1517181,490.06027,0.17345877,11956.139,4.358784,0,,,,,337.14694266792895,0.00042658593,878.5699402467841,0.00041735353,-0.0062022563,0.024351085
0.99972594,0.00036450653,0,0.0024792794,337.14711892588326,878.5698456037223,2283,8738.596,3.151273,490.37634,0.17343374,11949.229,4.3567657,0,,,,,337.14711892588326,0.00042689496,878.5698456037223,0.0004176329,-0.006710096,0.024114145
0.99964935,0.0003646931,0,0.0024800953,337.1472897861174,878.5702414259615,2284,8739.641,3.1513467,490.09534,0.1733069,11948.3125,4.358996,0,,,,,337.1472897861174,0.00042665907,878.5702414259615,0.00041742637,-0.0061871386,0.024489526
0.9997958,0.00036457897,0,0.0024809109,337.1466995068632,878.5706562043766,2285,8741.277,3.1515796,490.23285,0.1732305,11950.063,4.3576317,0,,,,,337.1466995068632,0.0004269066,878.5706562043766,0.00041763764,-0.006043661,0.024621649
0.9999636,0.00036467123,0,0.0024817262,337.1474442590715,878.570106217894,2286,8743.208,3.1517475,490.02557,0.1733319,11952.068,4.358734,0,,,,,337.1474442590715,0.00042674516,878.570106217894,0.00041755848,-0.006170472,0.024786694
0.9998665,0.00036477993,0,0.0024825416,337.14821703326595,878.5705784076241,2287,8744.041,3.151743,490.23166,0.17346358,11950.908,4.3600335,0,,,,,337.14821703326595,0.00042665278,878.5705784076241,0.00041752303,-0.0057965727,0.02503607
1.000139,0.00036483514,0,0.0024833567,337.1474947478599,878.5701537067923,2288,8744.6455,3.1518385,489.92383,0.17317922,11954.165,4.3606935,0,,,,,337.1474947478599,0.00042684597,878.5701537067923,0.00041760132,-0.0059824213,0.024890097
0.99987733,0.00036456162,0,0.0024841717,337.14747150067274,878.571014512886,2289,8743.451,3.1516743,490.0683,0.1733953,11951.038,4.3574243,0,,,,,337.14747150067274,0.00042661672,878.571014512886,0.000417403,-0.006177478,0.02511172
0.99958396,0.0003646999,0,0.0024849863,337.14640090928077,878.5703072414516,2290,8739.617,3.151298,490.60358,0.17326242,11947.531,4.359077,0,,,,,337.14640090928077,0.0004267004,878.5703072414516,0.00041744005,-0.006151872,0.024595967
1.0002671,0.00036460249,0,0.0024858008,337.14744850027256,878.5713129900082,2291,8748.171,3.1521122,490.3528,0.17343557,11955.696,4.3579125,0,,,,,337.14744850027256,0.00042657976,878.5713129900082,0.00041739322,-0.0056821737,0.025366101
1.0007007,0.00036488337,0,0.002486615,337.14768921787544,878.5711735305086,2292,8750.932,3.152511,490.51013,0.17339115,11960.88,4.36127,0,,,,,337.14768921787544,0.00042677548,878.5711735305086,0.0004176233,-0.005796922,0.0250177
0.99986374,0.00036430577,0,0.0024874292,337.14741906728983,878.5707078491756,2293,8745.582,3.1519504,490.30875,0.17331746,11950.875,4.3543663,0,,,,,337.14741906728983,0.00042670185,878.5707078491756,0.0004175523,-0.005653664,0.025601462
1.0005151,0.00036472033,0,0.0024882432,337.14690421281995,878.5713224422259,2294,8750.42,3.1523733,490.10626,0.17332731,11958.66,4.359321,0,,,,,337.14690421281995,0.00042664926,878.5713224422259,0.0004174212,-0.0056444267,0.025294125
1.0003375,0.00036480048,0,0.002489057,337.1469954751937,878.5708948368332,2295,8749.623,3.15221,489.63312,0.17346229,11956.538,4.360279,0,,,,,337.1469954751937,0.00042661928,878.5708948368332,0.00041741112,-0.0059987274,0.025477914
1.0001312,0.000364956,0,0.0024898704,337.1472410340877,878.5715376137078,2296,8747.478,3.152101,489.94205,0.17340222,11954.073,4.3621383,0,,,,,337.1472410340877,0.00042665564,878.5715376137078,0.00041743656,-0.00600385,0.025327956
0.9999409,0.00036474646,0,0.0024906837,337.1475514891769,878.5719801984603,2297,8746.678,3.1521556,490.565,0.17332879,11951.797,4.3596334,0,,,,,337.1475514891769,0.00042687578,878.5719801984603,0.00041768473,-0.0056276573,0.02567366
0.9997883,0.0003645924,0,0.002491497,337.14830293729227,878.5718174378939,2298,8745.649,3.1521428,490.62485,0.17325303,11949.974,4.357792,0,,,,,337.14830293729227,0.00042688366,878.5718174378939,0.0004176961,-0.0058439085,0.025617315
0.9998214,0.00036474285,0,0.0024923098,337.1471365566899,878.572575546257,2299,8747.277,3.152135,489.70316,0.1735186,11950.369,4.3595905,0,,,,,337.1471365566899,0.0004269317,878.572575546257,0.00041772297,-0.005635542,0.025891589
0.99974257,0.00036454675,0,0.0024931226,337.1473019500065,878.5718073874028,2300,8746.924,3.152034,490.12833,0.17334832,11949.427,4.3572464,0,,,,,337.1473019500065,0.0004267822,878.5718073874028,0.0004176323,-0.005761833,0.026060874
1.0006666,0.00036479518,0,0.0024939352,337.14739886352714,878.5722790576001,2301,8754.251,3.1527514,490.4179,0.17327327,11960.472,4.3602157,0,,,,,337.14739886352714,0.000426577,878.5722790576001,0.00041737893,-0.0054655303,0.025890393
1.0005021,0.00036489626,0,0.0024947475,337.14767360599797,878.5713310014794,2302,8751.9375,3.1525564,490.17905,0.17345075,11958.505,4.361424,0,,,,,337.14767360599797,0.00042632362,878.5713310014794,0.00041719797,-0.005888213,0.02582214
1.0006588,0.00036471387,128,0.0024955599,337.14719668333777,878.5704580734845,2303,8753.749,3.1533144,489.94012,0.17315724,11960.377,4.359244,128,,,,,337.14719668333777,0.00042635592,878.5704580734845,0.00041719232,-0.006088494,0.025758047
1.000499,0.00036446587,0,0.0024963717,337.14684728302535,878.5730165492216,2304,8753.334,3.1526546,490.03836,0.17322254,11958.469,4.35628,0,,,,,337.14684728302535,0.00042644262,878.5730165492216,0.00041721153,-0.005789064,0.026156023
1.000077,0.00036488217,0,0.0024971836,337.1476709231436,878.5719064571946,2305,8750.816,3.1525981,490.61694,0.17343333,11953.425,4.3612556,0,,,,,337.1476709231436,0.00042666588,878.5719064571946,0.00041750498,-0.0057426454,0.026088307
1.0002714,0.00036478532,0,0.0024979953,337.14738962596215,878.572538757253,2306,8753.968,3.1528215,490.75977,0.17328407,11955.748,4.360098,0,,,,,337.14738962596215,0.00042665272,878.572538757253,0.00041753642,-0.00569227,0.026609512
0.9997744,0.0003648132,0,0.0024988067,337.1467798500833,878.5729634004282,2307,8748.684,3.152167,490.08978,0.17345093,11949.808,4.360431,0,,,,,337.1467798500833,0.00042680348,878.5729634004282,0.00041753135,-0.005842046,0.026247159
0.9996287,0.0003645545,0,0.0024996179,337.14701117735325,878.5725899550663,2308,8747.416,3.152152,490.1211,0.17323132,11948.066,4.357339,0,,,,,337.14701117735325,0.000427085,878.5725899550663,0.00041785702,-0.0059156003,0.026479078
0.999931,0.0003648669,0,0.0025004288,337.1470566242824,878.5721703658169,2309,8748.763,3.152211,490.55246,0.17332074,11951.679,4.361073,0,,,,,337.1470566242824,0.00042664958,878.5721703658169,0.0004175344,-0.0060433443,0.026066678
0.9999784,0.0003647484,0,0.0025012398,337.1475068452604,878.5733802354721,2310,8751.902,3.1525176,490.3489,0.17329028,11952.246,4.359657,0,,,,,337.1475068452604,0.0004268989,878.5733802354721,0.00041769687,-0.0060416013,0.026884198
1.0002933,0.0003648078,0,0.0025020505,337.14758294799486,878.5735423501224,2311,8755.104,3.1527927,489.90726,0.17336689,11956.009,4.360367,0,,,,,337.14758294799486,0.0004265756,878.5735423501224,0.00041729966,-0.0059219534,0.02694471
0.9996686,0.000364598,0,0.0025028607,337.1467832281151,878.5731642347055,2312,8750.482,3.152318,490.29053,0.1733959,11948.543,4.357859,0,,,,,337.1467832281151,0.00042678625,878.5731642347055,0.000417595,-0.005693065,0.027266517
0.99947274,0.00036465144,0,0.0025036712,337.14657921196743,878.572947261337,2313,8748.2705,3.152259,489.5853,0.17329787,11946.202,4.3584976,0,,,,,337.14657921196743,0.00042684938,878.572947261337,0.0004176021,-0.0058789076,0.026860317
0.9996732,0.0003646645,0,0.0025044812,337.1472105270764,878.5730548388622,2314,8749.569,3.1522975,489.7713,0.17341506,11948.598,4.358654,0,,,,,337.1472105270764,0.00042686262,878.5730548388622,0.000417607,-0.005803574,0.026896967
1.0001103,0.0003647315,0,0.002505291,337.14731031977715,878.5733033832545,2315,8753.911,3.1527386,490.395,0.17332235,11953.822,4.3594546,0,,,,,337.14731031977715,0.00042674475,878.5733033832545,0.00041754378,-0.006200511,0.027100274
1.0002334,0.00036501943,0,0.0025061008,337.147218589035,878.5734678888682,2316,8755.476,3.15284,489.44897,0.17337793,11955.294,4.362896,0,,,,,337.147218589035,0.0004265714,878.5734678888682,0.00041733184,-0.006057389,0.027031893
0.99959564,0.00036469343,0,0.0025069101,337.1465017837862,878.5734688965358,2317,8750.842,3.152322,489.9219,0.17329273,11947.671,4.3589997,0,,,,,337.1465017837862,0.00042675022,878.5734688965358,0.0004175091,-0.0058183693,0.027325317
1.000049,0.00036496416,0,0.0025077194,337.14689174505236,878.5732954773824,2318,8753.905,3.1527643,490.32693,0.1733219,11953.09,4.3622355,0,,,,,337.14689174505236,0.00042667004,878.5732954773824,0.00041742466,-0.0060954955,0.02712098
1.0000103,0.00036462222,0,0.0025085285,337.14719488441295,878.5744973467074,2319,8756.166,3.1529431,490.08688,0.17316495,11952.627,4.3581486,0,,,,,337.14719488441295,0.00042674606,878.5744973467074,0.00041757125,-0.0058254884,0.027873596
0.99968624,0.00036487606,0,0.0025093376,337.1477038825586,878.5728806672115,2320,8751.62,3.1525176,490.18646,0.17336214,11948.754,4.3611827,0,,,,,337.1477038825586,0.00042694804,878.5728806672115,0.00041778965,-0.0060965596,0.027239956
0.99963975,0.00036484233,0,0.0025101462,337.14692189904713,878.5737802999887,2321,8752.612,3.1526103,489.7291,0.17338732,11948.198,4.3607793,0,,,,,337.14692189904713,0.00042670785,878.5737802999887,0.00041753257,-0.0061626807,0.027648961
1.0002352,0.00036482437,0,0.0025109546,337.14682697443055,878.5736387563218,2322,8755.539,3.1528816,489.8336,0.17350496,11955.315,4.3605647,0,,,,,337.14682697443055,0.0004264716,878.5736387563218,0.00041724366,-0.006511294,0.027138663
1.0005221,0.00036478916,0,0.002511763,337.147562332413,878.5744224599993,2323,8759.496,3.153337,489.4094,0.17340416,11958.745,4.3601437,0,,,,,337.147562332413,0.00042646588,878.5744224599993,0.00041723036,-0.0060698534,0.027748557
0.9997109,0.00036498753,0,0.0025125712,337.14804753110286,878.5737745032352,2324,8754.077,3.1527512,490.19635,0.17332128,11949.049,4.362515,0,,,,,337.14804753110286,0.00042661958,878.5737745032352,0.00041741712,-0.005967286,0.02783165
0.99994844,0.00036502548,0,0.002513379,337.14694095819823,878.5749597282427,2325,8757.415,3.1530833,490.28418,0.17334561,11951.888,4.3629684,0,,,,,337.14694095819823,0.000426827,878.5749597282427,0.00041752346,-0.0065696826,0.028450852
0.9996655,0.0003649926,0,0.0025141868,337.14650789013007,878.5749970592123,2326,8755.099,3.1528275,490.32944,0.17360725,11948.506,4.3625755,0,,,,,337.14650789013007,0.00042666087,878.5749970592123,0.0004174079,-0.0067453156,0.02839187
0.9998954,0.00036494093,0,0.0025149945,337.1472172098367,878.5755736654476,2327,8757.087,3.153099,489.92252,0.17346081,11951.254,4.361958,0,,,,,337.1472172098367,0.00042657967,878.5755736654476,0.00041731106,-0.007208944,0.028693348
1.0000335,0.00036495028,0,0.0025158017,337.14555023304104,878.5754970028887,2328,8757.084,3.1529844,489.93253,0.17322336,11952.904,4.3620696,0,,,,,337.14555023304104,0.00042661832,878.5754970028887,0.00041725198,-0.0078074937,0.028574813
0.99955654,0.00036499873,0,0.002516609,337.14596598120676,878.5757821291,2329,8755.089,3.152911,489.1457,0.17338783,11947.203,4.362649,0,,,,,337.14596598120676,0.00042655208,878.5757821291,0.00041725015,-0.007470643,0.02895484
1.0004473,0.00036508657,0,0.002517416,337.1464250068381,878.5764498099949,2330,8762.748,3.1535678,489.81183,0.17347021,11957.85,4.3636985,0,,,,,337.1464250068381,0.00042649853,878.5764498099949,0.00041722486,-0.0076533225,0.029077679
1.0002987,0.0003650648,0,0.0025182227,337.14606042124626,878.5756693416217,2331,8762.105,3.153567,489.5275,0.17328121,11956.074,4.3634386,0,,,,,337.14606042124626,0.0004264117,878.5756693416217,0.00041708807,-0.007704685,0.029150197
0.999804,0.00036508185,0,0.0025190292,337.14589945241795,878.5757183245531,2332,8759.603,3.153367,489.83447,0.17340153,11950.161,4.363642,0,,,,,337.14589945241795,0.00042653707,878.5757183245531,0.00041725242,-0.0075774994,0.029685507
0.9999685,0.00036504562,0,0.0025198355,337.1463334255067,878.5758632899401,2333,8759.651,3.1532826,490.24585,0.17334919,11952.128,4.3632092,0,,,,,337.1463334255067,0.000426733,878.5758632899401,0.0004173754,-0.0075829,0.029390218
0.99977475,0.00036502298,0,0.0025206418,337.1461501229123,878.5767662725109,2334,8758.439,3.1533194,489.7916,0.17332447,11949.812,4.3629384,0,,,,,337.1461501229123,0.00042654065,878.5767662725109,0.00041720708,-0.007931501,0.029766519
1.0003065,0.00036480426,0,0.0025214478,337.14562817036676,878.5764053222069,2335,8762.055,3.1535244,489.6302,0.17343959,11956.167,4.3603244,0,,,,,337.14562817036676,0.00042667286,878.5764053222069,0.0004173371,-0.008015765,0.029437076
0.99990255,0.0003651501,0,0.0025222534,337.14603421905764,878.5768515709175,2336,8760.455,3.1533263,489.88916,0.17330988,11951.339,4.364458,0,,,,,337.14603421905764,0.00042664996,878.5768515709175,0.00041737186,-0.0073157777,0.029822936
0.9998722,0.00036510197,0,0.002523059,337.1461035727872,878.576838076523,2337,8759.296,3.1532562,489.96414,0.17338955,11950.977,4.3638825,0,,,,,337.1461035727872,0.0004265631,878.576838076523,0.00041724235,-0.0076435325,0.029475814
0.99975514,0.00036482167,0,0.0025238644,337.14533456400386,878.5769153326148,2338,8759.325,3.1533465,489.79633,0.17330639,11949.577,4.3605323,0,,,,,337.14533456400386,0.00042703992,878.5769153326148,0.00041773095,-0.007474039,0.029800558
0.9998384,0.00036496436,0,0.0025246697,337.14696333458227,878.5761582766173,2339,8760.074,3.1532946,489.76126,0.17341927,11950.572,4.362238,0,,,,,337.14696333458227,0.0004265164,878.5761582766173,0.00041722195,-0.007108982,0.029489169
0.9997536,0.00036496285,0,0.0025254746,337.1464814735373,878.5764252964223,2340,8760.175,3.1531992,489.66528,0.17341751,11949.559,4.36222,0,,,,,337.1464814735373,0.0004265988,878.5764252964223,0.0004173619,-0.0069176694,0.029667616
1.0003604,0.0003651872,0,0.0025262795,337.1465824631282,878.5757019139486,2341,8764.225,3.1538281,490.54633,0.1733332,11956.811,4.3649015,0,,,,,337.1465824631282,0.00042655293,878.5757019139486,0.00041725923,-0.006676653,0.029203666
1.0001361,0.0003648554,0,0.0025270842,337.1467143860033,878.575598735038,2342,8760.995,3.1534517,489.78683,0.17316923,11954.131,4.3609357,0,,,,,337.1467143860033,0.00042657834,878.575598735038,0.00041731016,-0.006516478,0.028927786
1.0003221,0.0003648815,0,0.0025278886,337.14763038889816,878.5772589773557,2343,8764.789,3.153904,490.14923,0.17332454,11956.3545,4.3612475,0,,,,,337.14763038889816,0.00042661768,878.5772589773557,0.00041734547,-0.00618503,0.029244788
1.0004443,0.0003650087,0,0.0025286928,337.1471674720112,878.5761715690877,2344,8765.823,3.153851,489.3166,0.17339765,11957.814,4.3627677,0,,,,,337.1471674720112,0.0004264852,878.5761715690877,0.00041725938,-0.0062782597,0.02926122
0.99955976,0.00036464317,0,0.0025294968,337.1475393712737,878.5764625318357,2345,8759.819,3.153309,489.5665,0.17321657,11947.242,4.358399,0,,,,,337.1475393712737,0.00042655095,878.5764625318357,0.0004174949,-0.0060496433,0.02965507
0.9997708,0.00036495717,0,0.0025303005,337.1472282985715,878.5771759202861,2346,8760.779,3.1534684,489.38187,0.17335978,11949.765,4.362152,0,,,,,337.1472282985715,0.00042675238,878.5771759202861,0.00041758534,-0.0063494085,0.029539792
0.9998283,0.00036464375,0,0.0025311043,337.14697608020407,878.5767989969137,2347,8762.022,3.153536,489.4367,0.17340168,11950.451,4.358406,0,,,,,337.14697608020407,0.00042638677,878.5767989969137,0.0004171434,-0.0063670003,0.029758302
1.000596,0.0003652027,0,0.0025319078,337.1466933114071,878.5758595723125,2348,8766.578,3.1539042,489.39633,0.17327353,11959.628,4.3650866,0,,,,,337.1466933114071,0.00042642455,878.5758595723125,0.00041716328,-0.006919453,0.029216547
0.99979866,0.00036489466,0,0.0025327108,337.1460464954635,878.5767009215206,2349,8761.438,3.1533773,489.3561,0.1732551,11950.098,4.361405,0,,,,,337.1460464954635,0.00042691964,878.5767009215206,0.00041769812,-0.006376004,0.029574832
0.9992139,0.0003652251,0,0.0025335138,337.14702103036564,878.5768827758674,2350,8756.374,3.1529453,488.98764,0.17324646,11943.107,4.3653545,0,,,,,337.14702103036564,0.0004265443,878.5768827758674,0.00041733528,-0.0063078282,0.029360887
0.9997706,0.00036459527,0,0.0025343169,337.1465937637782,878.576772079361,2351,8762.176,3.1534739,489.27316,0.17319028,11949.762,4.357826,0,,,,,337.1465937637782,0.000426646,878.576772079361,0.00041742926,-0.0063824365,0.029982107
1.0003304,0.00036481512,0,0.0025351194,337.1466749101181,878.5764452072189,2352,8766.478,3.1539865,489.83154,0.17331308,11956.454,4.360454,0,,,,,337.1466749101181,0.00042678986,878.5764452072189,0.00041758458,-0.0061596255,0.029569566
0.9995303,0.00036480918,0,0.0025359218,337.1461740064096,878.5767058870571,2353,8761.413,3.1533906,488.79385,0.17332046,11946.89,4.360383,0,,,,,337.1461740064096,0.00042656044,878.5767058870571,0.00041739526,-0.006217959,0.030082617
0.9996772,0.0003650343,0,0.002536724,337.1467525550319,878.5769616395312,2354,8761.451,3.1534066,489.2736,0.17315431,11948.6455,4.363074,0,,,,,337.1467525550319,0.00042650534,878.5769616395312,0.00041726124,-0.0068327114,0.029880552
1.000152,0.00036500097,0,0.0025375262,337.14634685740486,878.5775034330898,2355,8765.196,3.15393,488.8893,0.17330344,11954.32,4.3626757,0,,,,,337.14634685740486,0.00042651236,878.5775034330898,0.00041717966,-0.0067424914,0.029830685
1.0006436,0.0003650839,0,0.002538328,337.14690320280073,878.5756888445634,2356,8769.214,3.1541193,489.56857,0.17330626,11960.196,4.3636665,0,,,,,337.14690320280073,0.00042675584,878.5756888445634,0.00041753514,-0.006703681,0.029645229
0.99954313,0.00036507304,0,0.0025391297,337.1481779480829,878.5755938186844,2357,8760.658,3.1532705,488.58234,0.17325385,11947.043,4.363537,0,,,,,337.1481779480829,0.00042723052,878.5755938186844,0.00041810572,-0.0064981035,0.02981251
0.999697,0.00036489978,0,0.002539931,337.1493418081497,878.5748053102699,2358,8762.796,3.1535542,489.29953,0.17346948,11948.883,4.361466,0,,,,,337.1493418081497,0.00042748745,878.5748053102699,0.00041841483,-0.006473604,0.030218504
0.99990606,0.00036524035,0,0.0025407325,337.1490323580947,878.5757019382653,2359,8765.583,3.153736,488.73294,0.1736011,11951.381,4.3655367,0,,,,,337.1490323580947,0.0004271211,878.5757019382653,0.00041811456,-0.0062609306,0.030230086
1.0003959,0.0003648627,0,0.0025415334,337.15001546897304,878.5763529925326,2360,8770.828,3.154216,488.89618,0.1734007,11957.235,4.361023,0,,,,,337.15001546897304,0.00042701868,878.5763529925326,0.00041801526,-0.0063559543,0.0304755
0.999816,0.0003649943,0,0.0025423344,337.14902086445636,878.5753995310946,2361,8765.264,3.1537375,488.65726,0.17333628,11950.305,4.362596,0,,,,,337.14902086445636,0.00042716175,878.5753995310946,0.0004180894,-0.0065078377,0.030281968
0.99944174,0.00036471206,0,0.002543135,337.14911553663507,878.5756787047168,2362,8760.982,3.1533704,488.51303,0.17326781,11945.831,4.3592224,0,,,,,337.14911553663507,0.00042736795,878.5756787047168,0.00041827027,-0.0068312325,0.030430574
0.9995419,0.0003649521,0,0.0025439356,337.14914042853593,878.575663485777,2363,8760.755,3.1532896,488.94016,0.17336078,11947.028,4.3620915,0,,,,,337.14914042853593,0.00042737953,878.575663485777,0.00041832868,-0.0067678313,0.029882882
0.9997762,0.00036474052,0,0.0025447358,337.14855659125124,878.5757666217819,2364,8765.064,3.1538315,489.0661,0.17332959,11949.829,4.3595624,0,,,,,337.14855659125124,0.0004273722,878.5757666217819,0.000418307,-0.006592263,0.030736137
0.9998546,0.00036490292,0,0.0025455358,337.14888422993374,878.5763570074272,2365,8766.031,3.153828,488.95462,0.17334886,11950.767,4.3615036,0,,,,,337.14888422993374,0.00042736568,878.5763570074272,0.00041819556,-0.0062088114,0.03045118
0.9992332,0.00036495467,0,0.0025463358,337.1480791179864,878.5764467018311,2366,8761.929,3.1534863,489.58612,0.17327648,11943.339,4.362122,0,,,,,337.1480791179864,0.00042716422,878.5764467018311,0.00041804937,-0.0064953156,0.030905435
1.0000044,0.0003648148,0,0.0025471353,337.1483839377916,878.577038740342,2367,8767.96,3.1540363,489.2574,0.17331038,11952.557,4.3604503,0,,,,,337.1483839377916,0.000426708,878.577038740342,0.00041751203,-0.006108991,0.030536268
0.9994351,0.000364768,0,0.002547935,337.14641881095355,878.5778148846052,2368,8763.959,3.1535616,488.6642,0.17325501,11945.752,4.359891,0,,,,,337.14641881095355,0.00042672156,878.5778148846052,0.00041747108,-0.006226553,0.031052496
1.0008305,0.00036528104,0,0.0025487342,337.1461246445849,878.5772874383799,2369,8774.971,3.1546543,488.6785,0.1734412,11962.431,4.366023,0,,,,,337.1461246445849,0.00042615435,878.5772874383799,0.0004169217,-0.0064407,0.030720511
1.0007968,0.00036497705,0,0.0025495333,337.14651687575866,878.5775623706088,2370,8774.074,3.1545882,488.51355,0.17329073,11962.027,4.3623896,0,,,,,337.14651687575866,0.0004261822,878.5775623706088,0.00041700093,-0.0068168673,0.030655848
1.0001533,0.0003650422,0,0.002550332,337.1462585350565,878.578166418843,2371,8768.4,3.154056,488.7343,0.17325564,11954.336,4.3631682,0,,,,,337.1462585350565,0.00042633936,878.578166418843,0.00041706278,-0.006841408,0.030557763
1.0001372,0.00036515587,0,0.0025511307,337.14594618092036,878.5782858015914,2372,8768.639,3.1541212,488.9326,0.1733448,11954.145,4.3645267,0,,,,,337.14594618092036,0.0004264189,878.5782858015914,0.0004171933,-0.006854179,0.030711967
0.9998267,0.00036495048,0,0.0025519293,337.1462915540017,878.5786641361443,2373,8767.16,3.1539648,488.6314,0.17326078,11950.433,4.362072,0,,,,,337.1462915540017,0.0004265488,878.5786641361443,0.00041723932,-0.00681934,0.031093227
0.99989176,0.0003651089,0,0.0025527275,337.1464103474104,878.5783690044706,2374,8767.731,3.1539533,488.3827,0.17321543,11951.21,4.3639655,0,,,,,337.1464103474104,0.00042638523,878.5783690044706,0.00041711683,-0.006740764,0.03082255
0.9992356,0.00036489306,0,0.0025535256,337.1465061636627,878.5801255047717,2375,8764.013,3.15353,489.1151,0.17339489,11943.367,4.361386,0,,,,,337.1465061636627,0.0004268392,878.5801255047717,0.00041761526,-0.006776915,0.031656835
1.0001614,0.0003652081,0,0.0025543235,337.1460615907102,878.578957753763,2376,8771.798,3.1543212,488.40585,0.17336829,11954.433,4.3651514,0,,,,,337.1460615907102,0.00042653692,878.578957753763,0.0004172793,-0.006911373,0.031213317
1.0000942,0.0003647676,0,0.0025551212,337.1454400905844,878.5791119584786,2377,8770.525,3.1541784,488.92526,0.17324398,11953.629,4.359886,0,,,,,337.1454400905844,0.00042648177,878.5791119584786,0.0004172304,-0.007308318,0.031345915
1.0000898,0.00036511535,0,0.0025559186,337.14627128742103,878.5790327682529,2378,8768.906,3.1539924,489.10202,0.173217,11953.577,4.3640428,0,,,,,337.14627128742103,0.00042673704,878.5790327682529,0.000417424,-0.0075266557,0.030949967
1.0003463,0.00036507618,0,0.002556716,337.14615556586705,878.5789576265779,2379,8773.166,3.1543834,488.4003,0.17319985,11956.643,4.3635745,0,,,,,337.14615556586705,0.00042631215,878.5789576265779,0.00041706132,-0.007356965,0.03151577
0.9998843,0.00036503948,0,0.002557513,337.14577034056924,878.5783260374841,2380,8769.0205,3.1542048,488.6493,0.17327893,11951.121,4.363136,0,,,,,337.14577034056924,0.00042665115,878.5783260374841,0.00041737407,-0.007143972,0.031191945
0.99979377,0.0003651017,0,0.00255831,337.1463223241459,878.5800338283002,2381,8769.713,3.1541965,489.67392,0.17323716,11950.039,4.3638797,0,,,,,337.1463223241459,0.00042665124,878.5800338283002,0.00041736854,-0.0071913204,0.0318984
0.9998209,0.00036495825,0,0.0025591068,337.14615049568795,878.57981985035,2382,8770.378,3.1542826,488.95404,0.17350048,11950.363,4.362165,0,,,,,337.14615049568795,0.0004266148,878.57981985035,0.0004173937,-0.007084499,0.031803582
0.99969,0.00036483404,0,0.0025599033,337.14569475300465,878.5788552236938,2383,8769.071,3.154162,488.96555,0.17323397,11948.799,4.36068,0,,,,,337.14569475300465,0.00042665083,878.5788552236938,0.00041736878,-0.007235725,0.03173664
1.0006489,0.0003651506,0,0.0025606996,337.1462546924209,878.579343961178,2384,8777.402,3.1549575,488.84253,0.17333847,11960.259,4.364464,0,,,,,337.1462546924209,0.00042631695,878.579343961178,0.00041708877,-0.0074139438,0.031983342
1.000302,0.00036476992,0,0.0025614956,337.1460861459808,878.5797650594078,2385,8773.096,3.1544766,487.94247,0.17331353,11956.113,4.359914,0,,,,,337.1460861459808,0.00042655744,878.5797650594078,0.0004171293,-0.007648892,0.03170226
1.0000354,0.0003650571,0,0.0025622915,337.14617620541793,878.5791465698559,2386,8771.324,3.1544,488.73477,0.17337254,11952.928,4.363346,0,,,,,337.14617620541793,0.00042667138,878.5791465698559,0.00041739197,-0.007538083,0.03179619
1.0000671,0.00036513407,0,0.0025630873,337.14579918476954,878.5787036329006,2387,8772.586,3.154451,487.7438,0.17340952,11953.307,4.3642664,0,,,,,337.14579918476954,0.00042637024,878.5787036329006,0.0004170914,-0.007298721,0.03162518
0.9998645,0.00036509614,0,0.0025638826,337.1461335852291,878.5806437803275,2388,8772.553,3.1543634,488.05817,0.17340994,11950.885,4.363813,0,,,,,337.1461335852291,0.00042651015,878.5806437803275,0.00041720524,-0.007398227,0.03235108
1.0003061,0.00036510607,0,0.002564678,337.14604365705975,878.5798325532331,2389,8775.281,3.1545699,488.3492,0.17324801,11956.163,4.3639317,0,,,,,337.14604365705975,0.00042652595,878.5798325532331,0.00041730804,-0.007286246,0.03188055
0.9994643,0.0003648065,0,0.002565473,337.14503109312403,878.5800556105323,2390,8768.589,3.153918,487.99512,0.17322135,11946.101,4.360351,0,,,,,337.14503109312403,0.00042668192,878.5800556105323,0.0004173694,-0.0073756617,0.032298904
0.99975806,0.0003651148,0,0.002566268,337.1463971413253,878.5803741440628,2391,8770.859,3.1542637,488.69916,0.17330365,11949.612,4.364036,0,,,,,337.1463971413253,0.0004265615,878.5803741440628,0.00041725903,-0.0071452293,0.03208024
1.0001167,0.00036520156,0,0.0025670626,337.14593940983656,878.5805439333813,2392,8775.597,3.1545787,487.61386,0.17344907,11953.899,4.365073,0,,,,,337.14593940983656,0.00042644067,878.5805439333813,0.00041716846,-0.0072098696,0.03253842
0.9999672,0.0003652088,0,0.0025678573,337.1461193862466,878.5804801382155,2393,8773.749,3.1544588,488.66068,0.17315228,11952.112,4.3651595,0,,,,,337.1461193862466,0.0004263806,878.5804801382155,0.00041710126,-0.0073761367,0.03253469
0.9999896,0.0003651659,0,0.0025686515,337.14580449585975,878.5801488253486,2394,8773.111,3.1543374,488.6889,0.17330863,11952.38,4.364647,0,,,,,337.14580449585975,0.00042645508,878.5801488253486,0.00041716112,-0.007520575,0.032273225
1.0002604,0.00036517292,0,0.0025694456,337.146454280593,878.5803485852742,2395,8774.929,3.1546314,487.64783,0.17339496,11955.616,4.364731,0,,,,,337.146454280593,0.00042660243,878.5803485852742,0.00041729835,-0.0074264477,0.03208794
1.0003548,0.00036514582,0,0.0025702394,337.14679385893015,878.5806252297544,2396,8776.766,3.1546636,488.02283,0.17347802,11956.744,4.364407,0,,,,,337.14679385893015,0.00042632004,878.5806252297544,0.0004169405,-0.007224792,0.032171097
0.9996439,0.00036510435,0,0.002571033,337.14597987701467,878.5811087460143,2397,8771.089,3.154205,487.62476,0.1732964,11948.248,4.363911,0,,,,,337.14597987701467,0.00042676745,878.5811087460143,0.0004174285,-0.007777383,0.032594632
1.0004164,0.00036522758,128,0.0025718266,337.1455514295694,878.5807423714803,2398,8778.583,3.1555457,488.03534,0.17314734,11957.48,4.365384,128,,,,,337.1455514295694,0.00042644623,878.5807423714803,0.00041711787,-0.0077157104,0.03245363
0.99976325,0.00036506215,0,0.0025726198,337.1459323812177,878.5809853988316,2399,8773.033,3.1543157,487.8268,0.1730858,11949.674,4.3634067,0,,,,,337.1459323812177,0.0004264945,878.5809853988316,0.00041721677,-0.0077151167,0.032802876
1.000159,0.00036535852,0,0.002573413,337.14500271518176,878.5808315757296,2400,8776.674,3.1546338,487.45844,0.17331706,11954.405,4.366949,0,,,,,337.14500271518176,0.00042654332,878.5808315757296,0.00041724957,-0.00765726,0.032622896
1.0001942,0.0003649326,0,0.0025742059,337.1463318546857,878.5818444298892,2401,8778.894,3.154938,487.69583,0.17325997,11954.825,4.3618584,0,,,,,337.1463318546857,0.00042629283,878.5818444298892,0.00041700824,-0.007417199,0.03323251
0.999585,0.00036507368,0,0.0025749987,337.1450789874749,878.5802398835702,2402,8772.384,3.154341,488.28827,0.17322849,11947.543,4.3635445,0,,,,,337.1450789874749,0.00042683582,878.5802398835702,0.0004176548,-0.0075010504,0.032835327
0.9993771,0.0003652446,0,0.002575791,337.14495508382134,878.5802522425859,2403,8770.858,3.153991,487.39322,0.17324719,11945.059,4.3655877,0,,,,,337.14495508382134,0.00042664367,878.5802522425859,0.0004173507,-0.0077134166,0.032990173
1.0000201,0.0003651558,0,0.0025765833,337.1448939091778,878.5801879075432,2404,8775.245,3.1546237,487.4884,0.17331485,11952.744,4.3645263,0,,,,,337.1448939091778,0.000426584,878.5801879075432,0.0004172147,-0.0078010918,0.03267845
1.0000093,0.00036521952,0,0.0025773754,337.14500397887343,878.5817722128276,2405,8777.033,3.1546683,486.8616,0.1734626,11952.615,4.365288,0,,,,,337.14500397887343,0.00042637845,878.5817722128276,0.00041703339,-0.0076536885,0.033232305
1.0001392,0.0003651874,0,0.0025781672,337.1462491918033,878.5820594639858,2406,8778.176,3.1548147,487.5846,0.17323819,11954.168,4.364904,0,,,,,337.1462491918033,0.00042635962,878.5820594639858,0.00041707797,-0.008000969,0.033337966
0.9996851,0.0003653129,0,0.002578959,337.1455589081401,878.5810730119684,2407,8774.1045,3.1544707,486.84253,0.17320348,11948.74,4.366404,0,,,,,337.1455589081401,0.0004267143,878.5810730119684,0.00041743866,-0.0076613454,0.033319984
0.99976325,0.00036517385,0,0.0025797505,337.1456553991388,878.5813982255339,2408,8775.948,3.1545765,487.36514,0.17317209,11949.674,4.364742,0,,,,,337.1456553991388,0.00042654967,878.5813982255339,0.00041725123,-0.007823831,0.03369148
1.0002139,0.00036531096,0,0.0025805417,337.1456422875262,878.582681191889,2409,8780.254,3.1549437,487.06784,0.17327888,11955.06,4.3663807,0,,,,,337.1456422875262,0.00042637065,878.582681191889,0.00041707454,-0.008275714,0.03386464
1.0000383,0.00036530738,0,0.0025813328,337.14518540805744,878.5827648085652,2410,8779.509,3.1548817,487.07904,0.17314146,11952.961,4.366338,0,,,,,337.14518540805744,0.0004262389,878.5827648085652,0.00041697058,-0.008515513,0.034359522
0.9997405,0.00036498698,0,0.0025821237,337.1456039970505,878.5828679403971,2411,8777.337,3.1548715,487.00668,0.17340893,11949.402,4.3625083,0,,,,,337.1456039970505,0.00042644725,878.5828679403971,0.00041707966,-0.0089107845,0.034115367
0.9995044,0.00036518235,0,0.0025829144,337.14540491572717,878.5835744857887,2412,8776.619,3.1546278,487.24078,0.17333558,11946.58,4.3648434,0,,,,,337.14540491572717,0.00042663733,878.5835744857887,0.00041724843,-0.009298975,0.03494545
0.9997803,0.00036437513,0,0.002583705,337.1433754490005,878.5818860978336,2413,8776.818,3.1547189,487.9391,0.17324702,11949.878,4.355195,0,,,,,337.1433754490005,0.00042660683,878.5818860978336,0.0004172411,-0.009870555,0.034190804
1.0005455,0.00036500744,0,0.002585285,337.1434987573433,878.5823006405117,2415,8784.133,3.155442,487.33124,0.17333648,11959.024,4.362753,0,,,,,337.1434987573433,0.0004263528,878.5823006405117,0.0004168916,-0.009259271,0.034375105
1.0006326,0.0003653177,0,0.002586075,337.1437629557271,878.5826318244928,2416,8785.911,3.1556673,487.56873,0.1730807,11960.065,4.3664613,0,,,,,337.1437629557271,0.00042639757,878.5826318244928,0.0004170326,-0.009257642,0.03469236
1.0000103,0.0003651378,0,0.0025868646,337.145400812887,878.5821912232268,2417,8780.141,3.1550004,487.23117,0.17316538,11952.627,4.3643107,0,,,,,337.145400812887,0.0004264939,878.5821912232268,0.000417165,-0.009262206,0.034518957
0.99992424,0.00036495522,0,0.0025876542,337.1443598212363,878.5822464186472,2418,8779.554,3.1550238,486.94107,0.17316869,11951.599,4.3621287,0,,,,,337.1443598212363,0.00042655302,878.5822464186472,0.00041720129,-0.009284725,0.034640282
1.0003623,0.00036484667,0,0.0025884435,337.1441800257211,878.5826142880691,2419,8782.379,3.1551707,487.39117,0.17343333,11956.834,4.3608313,0,,,,,337.1441800257211,0.00042648203,878.5826142880691,0.00041707637,-0.009468878,0.034531426
1.0000511,0.0003648852,0,0.0025892325,337.1449716622068,878.5824431586321,2420,8779.141,3.1549556,487.14746,0.17323586,11953.115,4.361292,0,,,,,337.1449716622068,0.00042645683,878.5824431586321,0.00041710425,-0.009485427,0.034438178
0.9996512,0.00036491873,0,0.0025900214,337.14503233452444,878.583226140397,2421,8777.411,3.1547456,488.13513,0.17339201,11948.335,4.3616924,0,,,,,337.14503233452444,0.0004266322,878.583226140397,0.00041724124,-0.009291683,0.034551866
1.0000191,0.00036529556,0,0.00259081,337.14521965552245,878.581945924022,2422,8780.221,3.1549673,487.2877,0.17323361,11952.731,4.3661966,0,,,,,337.14521965552245,0.00042650607,878.581945924022,0.00041717166,-0.008754849,0.034175113
1.0003899,0.00036537286,0,0.0025915983,337.1450186410235,878.583160527305,2423,8784.78,3.155347,486.66922,0.17335752,11957.165,4.3671207,0,,,,,337.1450186410235,0.00042623494,878.583160527305,0.00041687844,-0.008503844,0.034658454
0.9998836,0.00036516797,0,0.0025923867,337.1449181871326,878.5827133373865,2424,8778.775,3.1548886,487.18787,0.17310074,11951.112,4.3646717,0,,,,,337.1449181871326,0.0004264131,878.5827133373865,0.00041704506,-0.008350792,0.03412245
0.9998761,0.00036516902,0,0.0025931746,337.1455790933628,878.5815516456537,2425,8778.392,3.1549,486.73575,0.17347999,11951.022,4.364684,0,,,,,337.1455790933628,0.00042649845,878.5815516456537,0.00041722617,-0.0082504945,0.03413512
1.0005175,0.00036521658,0,0.0025939625,337.1454142637148,878.5820675070407,2426,8783.159,3.155197,486.98203,0.17339738,11958.688,4.3652525,0,,,,,337.1454142637148,0.0004262835,878.5820675070407,0.00041690381,-0.008493036,0.03371896
1.00023,0.000365311,0,0.0025947501,337.14507270502895,878.5829667006307,2427,8782.312,3.1551447,487.27014,0.17323363,11955.253,4.366381,0,,,,,337.14507270502895,0.0004264121,878.5829667006307,0.00041703906,-0.00838015,0.034148958
0.99993545,0.00036515354,0,0.0025955376,337.145564605371,878.5824152361624,2428,8779.196,3.1549087,487.1728,0.17331252,11951.732,4.364499,0,,,,,337.145564605371,0.0004263428,878.5824152361624,0.00041701057,-0.008210833,0.034134842
1.0004969,0.000365384,0,0.0025963248,337.1444701253419,878.5835045391076,2429,8787.328,3.15566,486.8035,0.1732534,11958.443,4.367254,0,,,,,337.1444701253419,0.00042608636,878.5835045391076,0.00041672136,-0.008085375,0.03450057
0.9999053,0.00036525232,0,0.0025971117,337.14498016990945,878.5831394894236,2430,8782.617,3.15522,487.31635,0.1732479,11951.372,4.3656797,0,,,,,337.14498016990945,0.00042631302,878.5831394894236,0.0004169924,-0.008094583,0.034799427
0.9995052,0.0003651956,0,0.0025978985,337.14517765692375,878.5822747101795,2431,8776.39,3.1545954,487.05472,0.1731703,11946.59,4.3650017,0,,,,,337.14517765692375,0.0004264632,878.5822747101795,0.00041726802,-0.008414748,0.034426976
0.99943954,0.00036527784,0,0.0025986852,337.1448478510065,878.5824613414663,2432,8775.686,3.1545181,487.3667,0.17330913,11945.805,4.365985,0,,,,,337.1448478510065,0.00042674618,878.5824613414663,0.00041741162,-0.008278839,0.034450762
0.9994834,0.00036515231,0,0.0025994715,337.14460141868864,878.5819988255863,2433,8775.839,3.1544673,486.8217,0.17336679,11946.329,4.3644843,0,,,,,337.14460141868864,0.00042664833,878.5819988255863,0.00041729084,-0.007967351,0.03413118
1.0004433,0.00036536864,0,0.0026002578,337.1457427881057,878.5832310601411,2434,8786.585,3.1556149,487.3128,0.17332228,11957.803,4.36707,0,,,,,337.1457427881057,0.00042617758,878.5832310601411,0.00041693627,-0.008281622,0.034903612
0.9998596,0.0003653893,0,0.0026010438,337.144754349404,878.5830862076585,2435,8780.805,3.1550806,487.74,0.1731085,11950.825,4.367317,0,,,,,337.144754349404,0.00042632277,878.5830862076585,0.00041692992,-0.008382377,0.034604147
0.9999304,0.00036535182,0,0.0026018296,337.14540652226407,878.5839827958062,2436,8782.56,3.155199,487.02454,0.17334798,11951.672,4.366869,0,,,,,337.14540652226407,0.0004264776,878.5839827958062,0.00041713717,-0.008158496,0.03478693
1.0009309,0.00036539894,0,0.0026026152,337.145140412536,878.5828208281962,2437,8790.229,3.1560135,486.78915,0.17321911,11963.63,4.367432,0,,,,,337.145140412536,0.00042598075,878.5828208281962,0.0004166277,-0.008304696,0.03452219
1.0013607,0.0003655192,128,0.0026034005,337.1441793584977,878.5828447912243,2438,8794.608,3.157152,487.06216,0.17326073,11968.768,4.36887,128,,,,,337.1441793584977,0.00042592542,878.5828447912243,0.00041650265,-0.00856021,0.034783937
0.99959224,0.0003652348,0,0.0026041858,337.1447453219953,878.5824694443214,2439,8779.332,3.1549063,486.96765,0.17341511,11947.63,4.3654704,0,,,,,337.1447453219953,0.00042652205,878.5824694443214,0.00041715827,-0.008763912,0.034495004
0.9997082,0.00036527522,0,0.0026049707,337.1446386392969,878.5831720349805,2440,8781.116,3.1550415,487.16583,0.17325847,11949.016,4.3659534,0,,,,,337.1446386392969,0.0004264851,878.5831720349805,0.0004171673,-0.008464422,0.034958106
0.99984324,0.00036536163,0,0.0026057556,337.14444380635894,878.5840342660173,2441,8782.2,3.1551752,486.82346,0.17342988,11950.63,4.3669863,0,,,,,337.14444380635894,0.00042650156,878.5840342660173,0.00041711723,-0.008385516,0.034990974
1.0002608,0.00036534603,0,0.00260654,337.1442862485507,878.5827368978581,2442,8786.105,3.155586,486.878,0.17324243,11955.621,4.3668,0,,,,,337.1442862485507,0.00042622307,878.5827368978581,0.00041698365,-0.008339243,0.03499303
0.99997294,0.00036531247,0,0.0026073244,337.14484309597947,878.583261749705,2443,8783.848,3.1553273,486.83215,0.17346048,11952.181,4.366399,0,,,,,337.14484309597947,0.00042647118,878.583261749705,0.00041717433,-0.008547129,0.03531069
1.0003492,0.00036499448,0,0.0026081086,337.14485044848635,878.5843109184883,2444,8786.651,3.1556866,487.0828,0.1733095,11956.678,4.362598,0,,,,,337.14485044848635,0.00042636693,878.5843109184883,0.00041694913,-0.008545527,0.034982115
1.0000069,0.00036530753,0,0.0026088925,337.1445599200051,878.5838730939743,2445,8784.958,3.1555126,486.74835,0.17326725,11952.587,4.3663397,0,,,,,337.1445599200051,0.00042639242,878.5838730939743,0.0004170063,-0.008639757,0.03547897
1.0003377,0.00036529257,0,0.0026096762,337.14511542865927,878.5841041949603,2446,8788.4375,3.1558373,487.46823,0.1732402,11956.54,4.366161,0,,,,,337.14511542865927,0.00042644504,878.5841041949603,0.00041707658,-0.008284465,0.03542992
0.9999705,0.00036542703,0,0.00261046,337.1450691917987,878.5841229008889,2447,8786.623,3.1556177,486.5836,0.17338215,11952.151,4.367768,0,,,,,337.1450691917987,0.00042630028,878.5841229008889,0.0004170219,-0.008113577,0.035828304
1.0000944,0.00036532502,0,0.0026112432,337.1446766595734,878.584104248221,2448,8787.4795,3.1556833,486.92166,0.17321292,11953.633,4.3665485,0,,,,,337.1446766595734,0.00042633945,878.584104248221,0.0004170098,-0.007853769,0.035620958
0.9995669,0.00036534714,0,0.0026120262,337.1446788275775,878.5840633510818,2449,8783.112,3.155206,487.009,0.17309095,11947.327,4.366813,0,,,,,337.1446788275775,0.00042666134,878.5840633510818,0.00041729942,-0.008375113,0.03596847
0.9998495,0.0003650934,0,0.0026128092,337.14395323797476,878.5847460758212,2450,8785.161,3.1555233,486.83948,0.1733728,11950.705,4.3637805,0,,,,,337.14395323797476,0.00042651422,878.5847460758212,0.00041706464,-0.008650755,0.03563802
0.999822,0.00036526003,0,0.002613592,337.1448428167555,878.584035190206,2451,8784.746,3.155522,487.3651,0.17331655,11950.377,4.365772,0,,,,,337.1448428167555,0.0004264365,878.584035190206,0.000417115,-0.00840601,0.035581894
1.0009929,0.00036518046,0,0.0026143745,337.14457105103736,878.5846646847693,2452,8795.739,3.1565568,487.2539,0.17325273,11964.372,4.364821,0,,,,,337.14457105103736,0.00042626855,878.5846646847693,0.00041690646,-0.008252584,0.035769705
0.99990857,0.00036539653,0,0.0026151568,337.145787086798,878.5845537588776,2453,8787.381,3.1557803,487.25934,0.17335692,11951.411,4.3674035,0,,,,,337.145787086798,0.00042639967,878.5845537588776,0.00041708996,-0.008150485,0.036003653
1.0006214,0.00036549327,0,0.002615939,337.1453213908874,878.584209987994,2454,8794.246,3.1563537,487.4213,0.17334154,11959.932,4.36856,0,,,,,337.1453213908874,0.00042612958,878.584209987994,0.00041686525,-0.00824699,0.036143288
0.9993451,0.0003652536,0,0.0026167207,337.1444965761129,878.5851392384288,2455,8783.083,3.1552112,487.4651,0.17343433,11944.677,4.365695,0,,,,,337.1444965761129,0.0004266946,878.5851392384288,0.00041729334,-0.008394414,0.036092833
0.99975365,0.00036546012,0,0.0026175024,337.1443467541582,878.5846916391764,2456,8786.284,3.1556532,486.99518,0.173498,11949.56,4.3681636,0,,,,,337.1443467541582,0.00042653654,878.5846916391764,0.00041721435,-0.008581315,0.036311425
1.000097,0.00036509286,0,0.002618284,337.14507163278427,878.584320511065,2457,8787.107,3.155645,486.85956,0.17323558,11953.664,4.363774,0,,,,,337.14507163278427,0.00042650755,878.584320511065,0.00041712698,-0.008259012,0.03558269
1.0000757,0.00036539542,0,0.0026190653,337.1442981500058,878.5852051555628,2458,8789.997,3.1559103,487.20926,0.17331915,11953.408,4.36739,0,,,,,337.1442981500058,0.0004264588,878.5852051555628,0.0004171372,-0.008129934,0.03636851
1.0002474,0.00036535374,0,0.0026198463,337.1442245419327,878.5855582426997,2459,8792.013,3.156153,487.16818,0.173311,11955.46,4.366892,0,,,,,337.1442245419327,0.00042657787,878.5855582426997,0.0004171457,-0.008258112,0.036468614
1.0001534,0.00036555078,0,0.0026206272,337.14611637562496,878.5860912130952,2460,8791.757,3.156165,487.10898,0.17340489,11954.338,4.369247,0,,,,,337.14611637562496,0.00042618942,878.5860912130952,0.00041664738,-0.008379696,0.036639214
1.0003422,0.0003653528,0,0.0026214079,337.1446646594368,878.5851000881864,2461,8793.118,3.1563134,487.5207,0.17328575,11956.595,4.366881,0,,,,,337.1446646594368,0.0004265158,878.5851000881864,0.00041720213,-0.008500182,0.036630526
0.99985075,0.00036545726,0,0.0026221883,337.143982401357,878.585185686594,2462,8788.906,3.1558669,486.86905,0.1731903,11950.72,4.3681293,0,,,,,337.143982401357,0.00042663148,878.585185686594,0.000417217,-0.008906796,0.036858
0.9998248,0.00036527685,0,0.0026229685,337.1441783795888,878.5852790870845,2463,8787.846,3.1557727,486.66507,0.1733806,11950.41,4.365973,0,,,,,337.1441783795888,0.00042645299,878.5852790870845,0.00041702722,-0.00889874,0.036437806
1.0003209,0.00036531474,0,0.0026237485,337.14503413380874,878.5857067695571,2464,8792.782,3.1561763,487.20557,0.1733018,11956.34,4.366426,0,,,,,337.14503413380874,0.00042625223,878.5857067695571,0.00041695448,-0.008378329,0.036496647
1.0004944,0.00036543503,0,0.0026245285,337.1448716522153,878.5867631936788,2465,8796.023,3.1563983,486.6997,0.1732147,11958.412,4.3678637,0,,,,,337.1448716522153,0.00042591963,878.5867631936788,0.00041661254,-0.008416994,0.0369664
1.0002422,0.00036545086,0,0.002625308,337.14538633918664,878.5848982617794,2466,8793.525,3.1563525,486.85455,0.17337438,11955.399,4.368053,0,,,,,337.14538633918664,0.00042617583,878.5848982617794,0.00041687308,-0.008405242,0.036746673
1.0004774,0.00036549772,0,0.0026260875,337.1447827489631,878.5865935828728,2467,8797.093,3.1566792,487.0654,0.17326176,11958.21,4.368613,0,,,,,337.1447827489631,0.00042614952,878.5865935828728,0.00041679785,-0.0086405035,0.037329994
0.99969167,0.00036510278,0,0.0026268668,337.1439756361844,878.58597011956,2468,8788.758,3.1558611,486.67615,0.17321044,11948.818,4.3638926,0,,,,,337.1439756361844,0.00042650953,878.58597011956,0.00041711295,-0.008795609,0.036942713
0.99934304,0.0003651259,0,0.0026276456,337.1450851650639,878.5865954073208,2469,8786.445,3.1555865,486.8335,0.17339176,11944.651,4.3641686,0,,,,,337.1450851650639,0.0004265161,878.5865954073208,0.00041717265,-0.00900305,0.0371817
1.0003116,0.0003650553,0,0.0026284244,337.14527917516125,878.5865019986444,2470,8794.2,3.156341,486.45593,0.17336555,11956.229,4.363325,0,,,,,337.14527917516125,0.00042600028,878.5865019986444,0.00041666575,-0.008847396,0.037017386
1.0022312,0.00036595794,128,0.002629203,337.145251435163,878.5870638109371,2471,8813.38,3.160277,487.30713,0.17327122,11979.173,4.3741136,128,,,,,337.145251435163,0.00042547632,878.5870638109371,0.00041616353,-0.0086475145,0.03749214
1.0002768,0.00036524885,0,0.0026299816,337.1440154354962,878.5869599685839,2472,8796.066,3.1566188,487.0187,0.17335612,11955.8125,4.3656383,0,,,,,337.1440154354962,0.00042666346,878.5869599685839,0.00041720422,-0.008538846,0.03761343
0.99975055,0.00036533677,0,0.0026307597,337.1450803197997,878.5868865208859,2473,8791.981,3.156177,486.64975,0.17326099,11949.522,4.366689,0,,,,,337.1450803197997,0.00042615746,878.5868865208859,0.00041687663,-0.008379014,0.037539467
0.99999684,0.00036518968,0,0.0026315376,337.14456423820593,878.5872682155274,2474,8794.19,3.1563394,486.5923,0.17328829,11952.466,4.364931,0,,,,,337.14456423820593,0.00042615685,878.5872682155274,0.00041678012,-0.008747392,0.037472203
0.9995848,0.000365133,0,0.0026323155,337.14428456726307,878.5861987790413,2475,8789.335,3.1557744,487.12375,0.17327012,11947.541,4.3642535,0,,,,,337.14428456726307,0.0004263929,878.5861987790413,0.00041704776,-0.008879321,0.037254162
0.9997635,0.00036529137,0,0.002633093,337.1445320709756,878.5864307531139,2476,8792.075,3.156273,486.70926,0.17329147,11949.677,4.3661466,0,,,,,337.1445320709756,0.0004263523,878.5864307531139,0.00041704075,-0.0090657845,0.03774088
1.000037,0.0003654591,0,0.0026338703,337.14480372221533,878.5871307525266,2477,8795.224,3.1563973,486.70728,0.17336062,11952.945,4.368151,0,,,,,337.14480372221533,0.00042631887,878.5871307525266,0.000416846,-0.00856053,0.037686754
1.0003555,0.00036528945,0,0.0026346475,337.14510320385824,878.5874231927677,2478,8799.451,3.1568246,487.078,0.17329948,11956.753,4.3661237,0,,,,,337.14510320385824,0.00042620336,878.5874231927677,0.00041692433,-0.008203131,0.03795537
1.000276,0.00036527307,0,0.0026354245,337.14516961234364,878.587236410225,2479,8798.248,3.1566236,486.67154,0.17348891,11955.803,4.3659277,0,,,,,337.14516961234364,0.0004262109,878.587236410225,0.00041686688,-0.0085709905,0.038054116
1.0001713,0.0003652751,0,0.0026362012,337.14504498802563,878.5873361207688,2480,8796.887,3.1566274,486.0735,0.17330916,11954.552,4.365952,0,,,,,337.14504498802563,0.0004261645,878.5873361207688,0.0004168319,-0.008460963,0.0381339
0.99966687,0.00036531017,0,0.0026369777,337.1446177772787,878.587013573025,2481,8791.1455,3.1559863,486.68594,0.17320156,11948.522,4.366371,0,,,,,337.1446177772787,0.00042673503,878.587013573025,0.00041736025,-0.008376606,0.037472866
1.0006855,0.00036504364,0,0.002637754,337.14478214132345,878.5863231552205,2482,8800.575,3.156957,486.39175,0.17337829,11960.696,4.3631854,0,,,,,337.14478214132345,0.00042605124,878.5863231552205,0.00041672305,-0.008536,0.03779011
1.0001546,0.00036541605,0,0.0026385302,337.14415276689397,878.5869467161403,2483,8797.5205,3.1566055,486.20667,0.1732284,11954.353,4.3676367,0,,,,,337.14415276689397,0.00042640357,878.5869467161403,0.00041705798,-0.008731957,0.038107798
1.0002172,0.00036512854,0,0.002639306,337.1454194358218,878.5881287720205,2484,8798.551,3.1566768,486.90616,0.17322175,11955.1,4.3642,0,,,,,337.1454194358218,0.00042616247,878.5881287720205,0.00041684418,-0.008748792,0.03817571
1.0002736,0.00036541934,0,0.0026400818,337.1452584349492,878.5880230039127,2485,8800.509,3.1568813,486.41324,0.17341967,11955.773,4.3676763,0,,,,,337.1452584349492,0.00042611107,878.5880230039127,0.00041674892,-0.008570397,0.038296785
1.0003792,0.0003652989,0,0.0026408571,337.1440996170144,878.5876153413894,2486,8801.307,3.157086,487.346,0.17316718,11957.036,4.3662367,0,,,,,337.1440996170144,0.00042613473,878.5876153413894,0.00041672628,-0.008481327,0.038216747
1.0001305,0.00036533218,0,0.0026416325,337.14420520852707,878.5881485417286,2487,8799.899,3.156894,486.4479,0.17332424,11954.063,4.3666344,0,,,,,337.14420520852707,0.00042650927,878.5881485417286,0.00041711138,-0.008483776,0.038538657
0.9996877,0.00036487702,0,0.0026424075,337.1439447148354,878.5878529825836,2488,8795.198,3.156367,486.03967,0.17337164,11948.7705,4.361194,0,,,,,337.1439447148354,0.00042641463,878.5878529825836,0.00041708423,-0.0086606005,0.038193647
1.0008075,0.00036544038,0,0.0026431824,337.1440555032989,878.5885627839868,2489,8806.334,3.1574311,486.30194,0.173573,11962.155,4.3679276,0,,,,,337.1440555032989,0.00042594495,878.5885627839868,0.0004165341,-0.008622952,0.038761325
0.9998151,0.00036528532,0,0.002643957,337.1446249943264,878.5882134395225,2490,8798.605,3.1568673,486.64972,0.17331633,11950.294,4.366074,0,,,,,337.1446249943264,0.00042642225,878.5882134395225,0.00041709357,-0.008604232,0.038931448
0.9997585,0.00036567068,0,0.0026447314,337.1446619645918,878.5898284039899,2491,8798.177,3.1566932,486.73648,0.17329586,11949.617,4.3706803,0,,,,,337.1446619645918,0.0004264334,878.5898284039899,0.00041702646,-0.009155695,0.039383784
0.9997409,0.00036515528,0,0.0026455056,337.14384114127006,878.5888618680601,2492,8798.88,3.1567926,486.47266,0.17333853,11949.407,4.36452,0,,,,,337.14384114127006,0.0004265305,878.5888618680601,0.0004171434,-0.009165384,0.03953803
1.0000246,0.00036507953,0,0.0026462798,337.1443227806878,878.5895846609012,2493,8800.823,3.1569443,485.83258,0.17338225,11952.797,4.3636146,0,,,,,337.1443227806878,0.000426512,878.5895846609012,0.00041706953,-0.009773493,0.039542526
1.0000755,0.00036502312,0,0.0026470535,337.14340954651226,878.5891840957014,2494,8801.484,3.1570873,486.72803,0.17355254,11953.406,4.3629403,0,,,,,337.14340954651226,0.000426616,878.5891840957014,0.00041708405,-0.010331907,0.03984369
0.99954355,0.0003645703,0,0.0026478271,337.1438057571534,878.5895113013016,2495,8796.45,3.1564999,485.685,0.17323828,11947.048,4.3575277,0,,,,,337.1438057571534,0.00042643558,878.5895113013016,0.00041700245,-0.01011151,0.03958138
0.99971795,0.00036517723,0,0.0026486006,337.14319989560346,878.5906165343814,2496,8800.153,3.156776,486.37683,0.17326176,11949.133,4.3647823,0,,,,,337.14319989560346,0.00042615872,878.5906165343814,0.00041674962,-0.009999571,0.04042752
0.99931395,0.0003650484,0,0.0026493736,337.1447521098742,878.5906653519011,2497,8795.382,3.1563387,486.18597,0.1733504,11944.304,4.3632426,0,,,,,337.1447521098742,0.000426483,878.5906653519011,0.00041707733,-0.0103119705,0.040192924
0.9994976,0.00036540767,0,0.0026501466,337.1439005120194,878.5907845686831,2498,8797.713,3.1567132,486.06393,0.17339195,11946.499,4.3675365,0,,,,,337.1439005120194,0.00042634344,878.5907845686831,0.00041688528,-0.010249996,0.040534522
0.99973464,0.00036508765,0,0.0026509194,337.14369099034127,878.5898201848529,2499,8799.421,3.156716,485.52005,0.17340992,11949.332,4.3637114,0,,,,,337.14369099034127,0.00042625537,878.5898201848529,0.0004168337,-0.010344462,0.04015506
0.99999046,0.00036521856,0,0.002651692,337.142757589354,878.5899511531655,2500,8801.311,3.156873,485.82913,0.17338601,11952.39,4.3652763,0,,,,,337.142757589354,0.0004263553,878.5899511531655,0.0004168733,-0.010453576,0.04007939
1.0001416,0.00036492874,0,0.0026524644,337.14281716090164,878.5896993662473,2501,8802.691,3.1570258,485.98288,0.17351274,11954.196,4.361812,0,,,,,337.14281716090164,0.00042627822,878.5896993662473,0.0004167687,-0.010429475,0.039994296
1.0002134,0.000364743,0,0.0026532365,337.1445309991025,878.5905573964276,2502,8804.333,3.1572912,485.875,0.17313226,11955.055,4.359592,0,,,,,337.1445309991025,0.00042620327,878.5905573964276,0.00041673658,-0.010474235,0.040296294
0.9996026,0.00036514475,0,0.0026540083,337.14376434142434,878.5905471687058,2503,8800.305,3.1568177,486.80487,0.17311868,11947.754,4.364394,0,,,,,337.14376434142434,0.00042603895,878.5905471687058,0.00041656732,-0.010400733,0.04044236
1.0000713,0.00036521204,0,0.0026547802,337.14417673688257,878.5908472415267,2504,8804.164,3.1572857,486.10577,0.1732825,11953.355,4.365198,0,,,,,337.14417673688257,0.00042631887,878.5908472415267,0.00041689698,-0.009899318,0.04040166
0.99993616,0.00036538488,0,0.0026555518,337.1444486318415,878.5904963809061,2505,8804.5205,3.1572912,486.0749,0.17333089,11951.741,4.3672643,0,,,,,337.1444486318415,0.0004263301,878.5904963809061,0.00041691723,-0.009333484,0.040648486
1.0000498,0.00036484652,0,0.002656323,337.1445679064421,878.5897041368905,2506,8804.652,3.1572611,486.3287,0.17332739,11953.1,4.3608294,0,,,,,337.1445679064421,0.00042614737,878.5897041368905,0.00041674759,-0.009183741,0.04013525
1.0001389,0.00036508485,0,0.002657094,337.1442863666358,878.5885474762379,2507,8804.813,3.1572502,485.99042,0.17342149,11954.164,4.363678,0,,,,,337.1442863666358,0.00042594437,878.5885474762379,0.00041656967,-0.008750147,0.04004032
0.99990565,0.000365068,0,0.002657865,337.14397548975853,878.5897730409353,2508,8801.275,3.1570678,486.07504,0.17320055,11951.376,4.3634768,0,,,,,337.14397548975853,0.00042640592,878.5897730409353,0.00041702445,-0.0087661585,0.03957771
0.9998682,0.00036495802,0,0.0026586356,337.14454909257046,878.5902357777599,2509,8804.4795,3.157144,485.61462,0.17317909,11950.929,4.362162,0,,,,,337.14454909257046,0.00042608325,878.5902357777599,0.00041668446,-0.008397576,0.040431146
1.0000693,0.00036549606,0,0.002659406,337.14419011798697,878.5902511439007,2510,8805.009,3.1573653,485.55884,0.17325236,11953.332,4.368593,0,,,,,337.14419011798697,0.00042628267,878.5902511439007,0.0004169349,-0.008622182,0.03989856
1.0009997,0.00036547668,0,0.0026601763,337.145011165786,878.5894842179455,2511,8813.493,3.1581361,485.74796,0.17330128,11964.453,4.3683615,0,,,,,337.145011165786,0.00042566512,878.5894842179455,0.00041643067,-0.008508196,0.0402574
0.9995428,0.00036532647,0,0.0026609462,337.1444977836358,878.5909679442038,2512,8801.969,3.15684,485.76294,0.17315033,11947.039,4.366566,0,,,,,337.1444977836358,0.00042638645,878.5909679442038,0.0004169731,-0.008631488,0.04048636
0.9998781,0.00036504946,0,0.0026617162,337.14462851952607,878.5901252152522,2513,8803.377,3.1570613,485.49252,0.17312305,11951.047,4.363255,0,,,,,337.14462851952607,0.0004260809,878.5901252152522,0.00041672192,-0.008536695,0.040063057
1.000194,0.00036524353,0,0.0026624857,337.1448179642157,878.5905011449687,2514,8806.751,3.1576183,486.04242,0.17318001,11954.822,4.365575,0,,,,,337.1448179642157,0.00042643095,878.5905011449687,0.0004170477,-0.008582986,0.0401674
0.9996901,0.00036486203,0,0.0026632552,337.1439915561978,878.590611684532,2515,8801.767,3.156984,485.32794,0.17325303,11948.8,4.361015,0,,,,,337.1439915561978,0.00042635138,878.590611684532,0.00041692116,-0.009100436,0.04003337
1.0005089,0.00036521466,0,0.0026640245,337.1446050633697,878.5903519630345,2516,8811.043,3.15781,485.6067,0.17313707,11958.587,4.3652296,0,,,,,337.1446050633697,0.00042597705,878.5903519630345,0.00041666164,-0.008347993,0.040640302
1.0004929,0.00036503506,0,0.0026647933,337.1451048431012,878.5897534582099,2517,8810.403,3.1578333,485.99475,0.17310815,11958.3955,4.363083,0,,,,,337.1451048431012,0.0004257343,878.5897534582099,0.0004164393,-0.008370403,0.040374678
1.000152,0.00036493575,0,0.002665562,337.1446357268545,878.5917869154966,2518,8809.031,3.1576498,485.86517,0.17329143,11954.321,4.361896,0,,,,,337.1446357268545,0.00042641605,878.5917869154966,0.00041706263,-0.0086557865,0.040916294
0.9998047,0.00036507586,0,0.0026663307,337.14501851440633,878.5911332244873,2519,8804.603,3.1572351,485.92572,0.17320998,11950.169,4.3635707,0,,,,,337.14501851440633,0.0004272414,878.5911332244873,0.00041701467,-0.008488974,0.040551458
1.0000906,0.0003653992,0,0.002667099,337.1444501898941,878.5909368688323,2520,8806.117,3.1573622,486.05063,0.17310046,11953.587,4.3674355,0,,,,,337.1444501898941,0.0004262634,878.5909368688323,0.00041692966,-0.008877442,0.040560056
1.0005252,0.00036511276,0,0.002667867,337.1445392589866,878.5911058127527,2521,8810.135,3.1577919,485.65356,0.17315619,11958.781,4.364012,0,,,,,337.1445392589866,0.00042582295,878.5911058127527,0.00041640596,-0.008699889,0.04054654
1.000558,0.0003652169,0,0.002668635,337.1441661664764,878.59133558804,2522,8811.043,3.15789,485.83875,0.1732999,11959.174,4.3652563,0,,,,,337.1441661664764,0.0004259747,878.59133558804,0.00041662806,-0.008762517,0.040575936
1.0000585,0.0003649693,0,0.0026694029,337.1453816306199,878.5912740455157,2523,8807.841,3.1575713,485.75006,0.17319399,11953.203,4.362297,0,,,,,337.1453816306199,0.00042630298,878.5912740455157,0.00041699104,-0.008583344,0.040914435
0.99978155,0.00036515234,0,0.0026701703,337.14431723490594,878.5909629169606,2524,8805.144,3.1573412,485.89862,0.17299333,11949.893,4.364485,0,,,,,337.14431723490594,0.000426281,878.5909629169606,0.00041690914,-0.008677663,0.04065193
1.0005826,0.0003653244,0,0.0026709377,337.1448392671086,878.5909655920154,2525,8813.529,3.1581304,485.38193,0.17332444,11959.468,4.3665414,0,,,,,337.1448392671086,0.0004260339,878.5909655920154,0.00041670725,-0.0083703315,0.041028447
0.9999334,0.00036513913,0,0.0026717046,337.1434663943697,878.5909817726182,2526,8807.979,3.1576548,485.9868,0.17322451,11951.708,4.364327,0,,,,,337.1434663943697,0.00042631422,878.5909817726182,0.00041693792,-0.008713689,0.040828917
0.9997144,0.00036493692,0,0.0026724716,337.14401563928567,878.590952359565,2527,8805.3125,3.1572607,485.61945,0.17320864,11949.09,4.36191,0,,,,,337.14401563928567,0.00042640022,878.590952359565,0.00041696668,-0.009026925,0.04114276
0.9997861,0.0003648824,0,0.0026732383,337.14384137400145,878.5912575434432,2528,8805.017,3.1572301,485.78992,0.17321503,11949.947,4.3612585,0,,,,,337.14384137400145,0.00042625808,878.5912575434432,0.00041686752,-0.008920996,0.0407275
0.99995553,0.0003653457,0,0.0026740048,337.14463316065604,878.59117280183,2529,8807.953,3.1575737,485.80505,0.1732983,11951.973,4.366796,0,,,,,337.14463316065604,0.00042596663,878.59117280183,0.0004166049,-0.008901769,0.041250028
0.99985147,0.000365255,0,0.002674771,337.1441378814717,878.5923498139119,2530,8808.554,3.1576464,485.95035,0.17329803,11950.729,4.3657117,0,,,,,337.1441378814717,0.0004263063,878.5923498139119,0.00041688734,-0.008849255,0.04154497
1.0006778,0.00036528907,0,0.002675537,337.1447254855137,878.5915639381972,2531,8815.277,3.1583567,485.66956,0.1731355,11960.605,4.366119,0,,,,,337.1447254855137,0.00042588564,878.5915639381972,0.00041655032,-0.008826148,0.04142084
0.9998636,0.00036529033,0,0.0026763028,337.1439206803734,878.5924844991764,2532,8810.762,3.1578815,485.96356,0.17306463,11950.874,4.366134,0,,,,,337.1439206803734,0.00042631917,878.5924844991764,0.00041690134,-0.008697622,0.0422487
1.0002599,0.00036526672,0,0.0026770683,337.1431480718293,878.5915225960808,2533,8813.224,3.1581624,486.2969,0.17315347,11955.609,4.365852,0,,,,,337.1431480718293,0.00042632234,878.5915225960808,0.0004169091,-0.008960968,0.04162587
1.00058,0.00036541116,0,0.0026778337,337.143578543392,878.5912965550662,2534,8815.814,3.1584132,485.66357,0.17339906,11959.436,4.3675785,0,,,,,337.143578543392,0.00042598296,878.5912965550662,0.00041657512,-0.009177562,0.041699734
1.0004728,0.0003648601,0,0.002678599,337.14411327306016,878.5925661389864,2535,8812.512,3.1579478,485.17957,0.17321447,11958.155,4.360992,0,,,,,337.14411327306016,0.0004261206,878.5925661389864,0.0004166779,-0.008911976,0.040976763
0.9999602,0.0003653343,0,0.0026793638,337.14410039517793,878.5925736483866,2536,8810.549,3.1578984,486.11404,0.17309453,11952.028,4.3666596,0,,,,,337.14410039517793,0.0004261739,878.5925736483866,0.00041674727,-0.009171247,0.041793514
0.9997549,0.00036528386,0,0.0026801287,337.1441379969531,878.5921190320958,2537,8807.352,3.1575828,485.59982,0.17308211,11949.574,4.366057,0,,,,,337.1441379969531,0.00042630374,878.5921190320958,0.00041688405,-0.009094095,0.0415352
0.99970686,0.00036530022,0,0.002680893,337.14436650353514,878.5916877678935,2538,8808.123,3.1575818,485.93652,0.17333853,11949.0,4.3662524,0,,,,,337.14436650353514,0.00042617577,878.5916877678935,0.00041684657,-0.009126213,0.04170895
0.9999406,0.00036554696,0,0.0026816574,337.1443257780249,878.5921500827654,2539,8811.391,3.1580637,486.1132,0.1732241,11951.794,4.3692017,0,,,,,337.1443257780249,0.00042627275,878.5921500827654,0.00041688074,-0.00901705,0.041823983
1.0005927,0.00036528383,0,0.0026824216,337.1442248878251,878.5925207899497,2540,8817.379,3.158507,485.53986,0.17327031,11959.589,4.3660564,0,,,,,337.1442248878251,0.00042597312,878.5925207899497,0.00041659473,-0.009291481,0.0419614
1.0004655,0.00036549865,0,0.0026831855,337.14435897467274,878.5924099247264,2541,8815.401,3.158329,485.88885,0.173275,11958.068,4.368624,0,,,,,337.14435897467274,0.00042593005,878.5924099247264,0.00041661342,-0.009168556,0.042035013
0.99979526,0.00036515098,0,0.0026839492,337.14344439906444,878.5920053960713,2542,8808.113,3.1576278,485.25107,0.17336403,11950.057,4.3644686,0,,,,,337.14344439906444,0.00042637065,878.5920053960713,0.0004169565,-0.009427638,0.041528817
1.0001646,0.00036529565,0,0.0026847126,337.1441862713253,878.5922849004321,2543,8812.971,3.1581237,485.62482,0.17314836,11954.472,4.3661976,0,,,,,337.1441862713253,0.0004261975,878.5922849004321,0.0004168405,-0.009199281,0.04196411
1.000001,0.00036551052,0,0.0026854759,337.1441216724116,878.5922704821418,2544,8810.8955,3.1579247,485.98898,0.17314883,11952.515,4.368766,0,,,,,337.1441216724116,0.0004263717,878.5922704821418,0.00041687698,-0.009388857,0.04170629
1.0008167,0.00036550482,0,0.0026862388,337.1439239229198,878.5922413074666,2545,8818.109,3.158344,484.94266,0.17313015,11962.266,4.3686976,0,,,,,337.1439239229198,0.0004258614,878.5922413074666,0.00041649627,-0.009404124,0.04193942
1.0006164,0.0003653008,0,0.0026870018,337.1450202101031,878.592538049627,2546,8817.536,3.158431,485.51465,0.17313167,11959.871,4.366259,0,,,,,337.1450202101031,0.000425966,878.592538049627,0.00041668606,-0.009050205,0.041998494
1.0002149,0.00036550887,0,0.0026877644,337.14354323777064,878.5922707157008,2547,8814.57,3.1581218,485.19257,0.17329413,11955.073,4.3687463,0,,,,,337.14354323777064,0.00042615904,878.5922707157008,0.00041674217,-0.009031714,0.042118564
1.0004259,0.0003652447,0,0.0026885269,337.1443998891873,878.5931756491441,2548,8815.848,3.1582873,485.64447,0.1732133,11957.595,4.3655887,0,,,,,337.1443998891873,0.00042611334,878.5931756491441,0.00041673402,-0.009129413,0.042006157
1.0004777,0.00036520764,0,0.002689289,337.1446269552174,878.5925437063541,2549,8814.722,3.1580837,485.38058,0.17314562,11958.214,4.3651457,0,,,,,337.1446269552174,0.0004257544,878.5925437063541,0.00041638527,-0.009095608,0.04167205
0.99992555,0.00036535496,0,0.002690051,337.1433194865766,878.593217043777,2550,8812.683,3.1578944,486.19385,0.1730387,11951.614,4.3669066,0,,,,,337.1433194865766,0.00042630982,878.593217043777,0.00041687966,-0.009270875,0.04244124
0.9997206,0.0003651202,0,0.0026908128,337.14393687899246,878.59303994284,2551,8810.577,3.1577957,485.49167,0.17311497,11949.164,4.364101,0,,,,,337.14393687899246,0.00042625988,878.59303994284,0.00041687168,-0.009293165,0.0421376
0.9994634,0.0003655895,0,0.0026915744,337.1434051642947,878.5936115253226,2552,8809.076,3.1577396,485.58203,0.17321067,11946.09,4.36971,0,,,,,337.1434051642947,0.00042638442,878.5936115253226,0.00041697267,-0.009393221,0.042687528
0.99959534,0.00036538855,0,0.0026923358,337.1445010736265,878.593047105541,2553,8809.856,3.1576428,485.83237,0.17323814,11947.667,4.367308,0,,,,,337.1445010736265,0.00042624716,878.593047105541,0.00041689212,-0.009285384,0.042399857
1.0000308,0.00036558675,0,0.0026930969,337.1442942675089,878.593820809861,2554,8813.958,3.1581001,485.12927,0.1731609,11952.871,4.369677,0,,,,,337.1442942675089,0.0004262134,878.593820809861,0.00041680547,-0.009213091,0.042466633
0.99992704,0.00036561766,0,0.0026938578,337.14395183753925,878.5936135522722,2555,8814.646,3.1583226,485.80255,0.17303005,11951.632,4.3700466,0,,,,,337.14395183753925,0.00042648334,878.5936135522722,0.0004171057,-0.009240596,0.04288078
1.0008582,0.00036555916,0,0.0026946184,337.1433900690954,878.5929377755187,2556,8821.42,3.1588373,484.63596,0.17321657,11962.762,4.369347,0,,,,,337.1433900690954,0.00042594687,878.5929377755187,0.00041631592,-0.009926962,0.042750034
1.0002406,0.00036533197,0,0.0026953788,337.14346645464974,878.593529851121,2557,8815.682,3.158192,485.05267,0.17310365,11955.379,4.366632,0,,,,,337.14346645464974,0.00042615327,878.593529851121,0.00041677227,-0.009494662,0.042550042
1.0004802,0.00036532735,0,0.002696139,337.144204268575,878.593926588403,2558,8818.196,3.1585093,485.37073,0.17326179,11958.243,4.3665767,0,,,,,337.144204268575,0.00042570775,878.593926588403,0.00041634752,-0.009437849,0.042386767
1.0003983,0.00036562647,0,0.0026968992,337.14367228005005,878.5938145411893,2559,8818.8545,3.158958,489.754,0.17311288,11957.264,4.370152,0,,,,,337.14367228005005,0.00042599943,878.5938145411893,0.00041659246,-0.009681565,0.043046188
1.000304,0.00036557834,0,0.0026984187,337.1431445625849,878.5935831456125,2561,8818.581,3.1586356,485.0281,0.17324594,11956.137,4.3695765,0,,,,,337.1431445625849,0.0004261419,878.5935831456125,0.0004167827,-0.009091275,0.043090582
0.99946755,0.0003654149,0,0.0026991782,337.1439778929351,878.5934760148431,2562,8811.148,3.1578112,485.28033,0.17315462,11946.14,4.367623,0,,,,,337.1439778929351,0.00042630063,878.5934760148431,0.00041688536,-0.009332389,0.04270994
1.000068,0.00036559274,0,0.0026999372,337.14397206485705,878.5936497709409,2563,8814.97,3.158129,485.53122,0.17303437,11953.316,4.3697486,0,,,,,337.14397206485705,0.00042634984,878.5936497709409,0.00041697852,-0.009629785,0.042738806
1.0004761,0.0003652802,0,0.0027006962,337.144015254732,878.593647829608,2564,8818.576,3.1585183,484.8758,0.17327529,11958.195,4.366013,0,,,,,337.144015254732,0.00042626055,878.593647829608,0.00041691176,-0.009387967,0.042565938
1.0004245,0.00036546888,0,0.002701455,337.14367791241983,878.5928780751225,2565,8818.761,3.1586893,485.46402,0.17315584,11957.577,4.368268,0,,,,,337.14367791241983,0.00042596113,878.5928780751225,0.0004165597,-0.009658181,0.042712495
1.0001441,0.00036560942,0,0.0027022136,337.1443933661722,878.5940571061582,2566,8817.228,3.158293,484.969,0.1732386,11954.227,4.369948,0,,,,,337.1443933661722,0.0004261382,878.5940571061582,0.00041674354,-0.009505374,0.042952135
1.0003811,0.0003654151,0,0.002702972,337.14392969430793,878.5942807848941,2567,8818.889,3.158551,485.07532,0.17316091,11957.059,4.367625,0,,,,,337.14392969430793,0.00042618046,878.5942807848941,0.00041673047,-0.009358716,0.042905405
1.000614,0.00036554367,0,0.00270373,337.1433798414048,878.5945030578525,2568,8823.206,3.1589808,485.48483,0.1729336,11959.843,4.369162,0,,,,,337.1433798414048,0.00042592635,878.5945030578525,0.00041652832,-0.009153386,0.043439437
0.9997418,0.00036510715,0,0.0027044879,337.1437707003693,878.5939175832498,2569,8812.879,3.1580703,485.57437,0.17309149,11949.418,4.3639445,0,,,,,337.1437707003693,0.00042626585,878.5939175832498,0.0004168557,-0.009794964,0.042793054
1.0006659,0.00036525013,0,0.0027052455,337.1436940339337,878.5942365276298,2570,8820.669,3.158754,485.01624,0.17324045,11960.463,4.3656535,0,,,,,337.1436940339337,0.00042593735,878.5942365276298,0.0004164718,-0.009854531,0.043091934
0.9996686,0.0003653087,0,0.0027060031,337.1436685943835,878.5945383529291,2571,8813.0625,3.1578507,484.91693,0.17319204,11948.543,4.3663535,0,,,,,337.1436685943835,0.00042613925,878.5945383529291,0.00041671903,-0.009720133,0.04307905
1.0001822,0.0003655455,0,0.0027067603,337.14432743166174,878.5941771862675,2572,8819.728,3.1586955,485.73373,0.17299683,11954.682,4.369184,0,,,,,337.14432743166174,0.00042588927,878.5941771862675,0.00041651726,-0.009285016,0.043358073
1.0000061,0.00036532318,0,0.0027075175,337.1434149023297,878.5936551572738,2573,8818.09,3.1585793,485.42264,0.17306067,11952.576,4.3665266,0,,,,,337.1434149023297,0.000425989,878.5936551572738,0.00041660244,-0.009758933,0.04365774
0.999797,0.0003655832,0,0.0027082742,337.1439133229933,878.5947570161907,2574,8815.074,3.1582098,485.5043,0.17311217,11950.077,4.3696346,0,,,,,337.1439133229933,0.00042612385,878.5947570161907,0.00041669502,-0.010321812,0.04344159
1.0000308,0.00036557997,0,0.0027090309,337.14323199946995,878.5952481090972,2575,8817.431,3.1583803,485.42267,0.1731407,11952.872,4.369596,0,,,,,337.14323199946995,0.00042605487,878.5952481090972,0.00041662698,-0.010710437,0.04367911
0.99974686,0.00036520345,0,0.0027097873,337.14385441299606,878.5947364197542,2576,8813.94,3.1581323,485.4499,0.17322843,11949.479,4.3650956,0,,,,,337.14385441299606,0.00042614655,878.5947364197542,0.00041675387,-0.0105995955,0.043450713
0.9992797,0.000365363,0,0.0027105433,337.14214652321954,878.5953696069623,2577,8811.38,3.1577168,484.67023,0.1732544,11943.895,4.3670025,0,,,,,337.14214652321954,0.0004263738,878.5953696069623,0.0004168551,-0.011258007,0.044203933
0.9998902,0.00036508156,0,0.0027112993,337.14324372793016,878.5954725340371,2578,8817.693,3.1583536,485.2746,0.1731983,11951.191,4.363639,0,,,,,337.14324372793016,0.00042609882,878.5954725340371,0.00041663522,-0.010902305,0.04410763
0.9998147,0.0003655592,16,0.002712055,337.143061397365,878.5956608433407,2579,8816.945,3.1584396,485.65823,0.1731022,11950.289,4.3693476,16,,,,,337.143061397365,0.00042611378,878.5956608433407,0.00041666935,-0.011497108,0.044392478
1.0001084,0.00036559542,16,0.0027128106,337.14297380519787,878.596789760757,2580,8821.196,3.1588907,485.40353,0.17314948,11953.799,4.3697805,16,,,,,337.14297380519787,0.00042635875,878.596789760757,0.00041690262,-0.011030404,0.045009013
0.99996144,0.00036540252,16,0.002713566,337.1423730015702,878.5953671731136,2581,8819.11,3.1585405,485.30734,0.1732032,11952.043,4.367475,16,,,,,337.1423730015702,0.00042627368,878.5953671731136,0.0004168777,-0.011147074,0.044638406
0.9998244,0.00036518055,16,0.002714321,337.1431551749966,878.5954132144403,2582,8817.187,3.1584287,485.2983,0.17301384,11950.405,4.364822,16,,,,,337.1431551749966,0.0004261392,878.5954132144403,0.00041665588,-0.011448145,0.044770874
1.0008932,0.00036507682,16,0.002715076,337.14288124595464,878.5959579594216,2583,8825.715,3.1592228,485.1044,0.1733219,11963.181,4.363582,16,,,,,337.14288124595464,0.0004260615,878.5959579594216,0.0004165397,-0.011544425,0.04422371
0.99977237,0.00036552112,16,0.0027158307,337.14253311120734,878.5961204861135,2584,8818.573,3.1585865,485.3293,0.17315388,11949.783,4.3688927,16,,,,,337.14253311120734,0.00042647772,878.5961204861135,0.0004169513,-0.011234165,0.0447426
0.99934024,0.00036552938,16,0.002716585,337.1428055999338,878.5963157726098,2585,8814.288,3.1580193,484.79694,0.17324641,11944.618,4.3689914,16,,,,,337.1428055999338,0.00042660427,878.5963157726098,0.0004170672,-0.011199693,0.044670224
1.0002328,0.00036570054,16,0.0027173394,337.14212986753677,878.59621078932,2586,8822.467,3.1588986,484.94278,0.17303295,11955.286,4.371037,16,,,,,337.14212986753677,0.0004262598,878.59621078932,0.00041676126,-0.01063722,0.044801876
1.0001918,0.00036550197,16,0.0027180933,337.14310169624014,878.5949170275318,2587,8821.829,3.1588743,484.967,0.17317879,11954.797,4.368664,16,,,,,337.14310169624014,0.0004259606,878.5949170275318,0.00041654767,-0.010933297,0.044384763
0.99963015,0.0003656596,16,0.0027188472,337.14264356206473,878.5961010208033,2588,8818.865,3.1585033,485.2093,0.17299852,11948.083,4.370548,16,,,,,337.14264356206473,0.00042633197,878.5961010208033,0.00041684686,-0.010874249,0.044596903
0.99976444,0.00036563654,16,0.0027196007,337.1436358970171,878.5951930861286,2589,8817.522,3.158301,484.67123,0.17326908,11949.688,4.370272,16,,,,,337.1436358970171,0.0004262753,878.5951930861286,0.00041684453,-0.010847975,0.044120714
1.0002489,0.00036567086,16,0.0027203541,337.14285536624567,878.5954169871503,2590,8822.737,3.158917,485.23248,0.17313817,11955.4795,4.3706822,16,,,,,337.14285536624567,0.00042593997,878.5954169871503,0.0004164796,-0.0103672,0.044237234
1.0001419,0.00036565753,16,0.0027211073,337.14294529569446,878.5956711548504,2591,8821.332,3.1586816,484.47873,0.17305611,11954.199,4.370523,16,,,,,337.14294529569446,0.00042607854,878.5956711548504,0.00041664287,-0.010168402,0.04461221
1.0000048,0.0003656687,16,0.0027218603,337.1427781333241,878.595178544842,2592,8813.035,3.1579332,484.8069,0.17297724,11952.562,4.3706565,16,,,,,337.1427781333241,0.00042626506,878.595178544842,0.0004167779,-0.010939593,0.044200186
0.9997035,0.00036575051,16,0.002722613,337.1429643910096,878.59652887466,2593,8818.932,3.1584866,484.64218,0.17305838,11948.96,4.3716345,16,,,,,337.1429643910096,0.00042617923,878.59652887466,0.00041671802,-0.010791151,0.044596415
1.0000653,0.000365739,0,0.0027233656,337.14210385747043,878.595445807604,2594,8819.318,3.158678,484.21677,0.17314225,11953.285,4.3714967,0,,,,,337.14210385747043,0.00042617825,878.595445807604,0.00041669916,-0.010952046,0.044019364
0.9997892,0.00036565628,0,0.0027241178,337.142088928861,878.5968349862621,2595,8816.748,3.158368,484.26553,0.17318825,11949.984,4.370508,0,,,,,337.142088928861,0.00042637496,878.5968349862621,0.00041678725,-0.011368637,0.044382397
1.000294,0.00036560543,0,0.0027248699,337.14366402427333,878.5959617191886,2596,8821.831,3.158716,484.93863,0.17323518,11956.018,4.3699,0,,,,,337.14366402427333,0.00042606547,878.5959617191886,0.00041664398,-0.011194062,0.044279132
1.0004529,0.0003657675,0,0.0027256217,337.1426227623249,878.5963490193465,2597,8826.041,3.1592448,484.5323,0.17289373,11957.917,4.3718376,0,,,,,337.1426227623249,0.00042601637,878.5963490193465,0.00041654246,-0.01085024,0.044763338
1.0003364,0.0003658412,0,0.0027263733,337.1431040572534,878.5969021014638,2598,8826.339,3.1592264,484.61197,0.17306098,11956.524,4.3727183,0,,,,,337.1431040572534,0.0004261098,878.5969021014638,0.0004166891,-0.010922595,0.04491846
0.99992996,0.0003654109,0,0.0027271246,337.14225110752625,878.5965116286944,2599,8822.25,3.1587787,484.87668,0.17318003,11951.667,4.367575,0,,,,,337.14225110752625,0.00042621765,878.5965116286944,0.00041672462,-0.011054726,0.044761572
0.9996726,0.00036577394,0,0.002727876,337.14198154482307,878.595759898431,2600,8819.198,3.15861,484.73172,0.17306492,11948.591,4.3719144,0,,,,,337.14198154482307,0.00042639958,878.595759898431,0.00041701313,-0.010965344,0.044691194
1.0003245,0.0003655581,0,0.0027286268,337.1422479291784,878.5961516676457,2601,8824.303,3.159005,484.66565,0.17317423,11956.382,4.3693347,0,,,,,337.1422479291784,0.00042591244,878.5961516676457,0.00041646618,-0.011060411,0.04434305
1.0007615,0.0003657889,0,0.0027293777,337.142067230137,878.5962365500635,2602,8829.078,3.159442,484.07077,0.17338689,11961.606,4.372093,0,,,,,337.142067230137,0.00042588622,878.5962365500635,0.00041650236,-0.011090617,0.044819545
1.0004665,0.0003658442,0,0.0027301281,337.14330851477956,878.5968241649387,2603,8826.722,3.1592774,485.01004,0.17288499,11958.079,4.372754,0,,,,,337.14330851477956,0.00042604216,878.5968241649387,0.00041664919,-0.010735221,0.044737455
1.0000539,0.0003657834,0,0.0027308785,337.1418767075059,878.597504568464,2604,8824.659,3.159028,485.49747,0.17297685,11953.148,4.3720274,0,,,,,337.1418767075059,0.00042637298,878.597504568464,0.0004168943,-0.010996009,0.04537507
1.0004144,0.00036586227,0,0.0027316287,337.1425219893586,878.5970334964584,2605,8827.727,3.1593144,484.7561,0.17309938,11957.456,4.37297,0,,,,,337.1425219893586,0.00042634265,878.5970334964584,0.00041687078,-0.0109936455,0.04529942
0.9993735,0.00036548893,0,0.0027323784,337.14318748638334,878.5967370086769,2606,8818.03,3.1584873,484.283,0.17312363,11945.016,4.368508,0,,,,,337.14318748638334,0.00042643724,878.5967370086769,0.0004169591,-0.011169234,0.045059536
0.9991513,0.0003657125,0,0.0027331281,337.1427453406414,878.5969113428556,2607,8816.8955,3.1581924,484.72153,0.1732048,11942.359,4.37118,0,,,,,337.1427453406414,0.00042646617,878.5969113428556,0.00041699604,-0.01118245,0.045133714
0.9993027,0.00036541704,0,0.0027338776,337.1420144646657,878.5966752523431,2608,8816.364,3.1582081,484.4464,0.17308037,11944.169,4.3676486,0,,,,,337.1420144646657,0.00042622985,878.5966752523431,0.0004167614,-0.011524742,0.044803455
0.9998598,0.00036573128,0,0.0027346269,337.14205411573715,878.5975438089771,2609,8823.691,3.1588693,484.88358,0.17310537,11950.828,4.3714046,0,,,,,337.14205411573715,0.00042621605,878.5975438089771,0.0004167529,-0.011599921,0.04563296
0.99991244,0.00036573803,0,0.002735376,337.1422608557024,878.5984164699895,2610,8824.064,3.1590025,484.70218,0.17307113,11951.457,4.371485,0,,,,,337.1422608557024,0.00042651338,878.5984164699895,0.0004169685,-0.011654429,0.04540076
1.0000988,0.00036562816,0,0.0027361247,337.1426299439858,878.5981977685317,2611,8826.813,3.159198,484.09515,0.17342317,11953.686,4.370172,0,,,,,337.1426299439858,0.00042609626,878.5981977685317,0.00041659438,-0.011820614,0.04594342
1.0004907,0.0003656174,0,0.0027368732,337.1420732382803,878.5971048027914,2612,8829.308,3.1594963,484.51547,0.17295757,11958.368,4.3700433,0,,,,,337.1420732382803,0.00042625208,878.5971048027914,0.00041671822,-0.012224485,0.045789212
0.9995777,0.00036533593,0,0.0027376215,337.1416665039236,878.5967445583407,2613,8821.413,3.1587434,484.08228,0.1731463,11947.456,4.366679,0,,,,,337.1416665039236,0.00042634824,878.5967445583407,0.00041686304,-0.012149327,0.04554128
1.000104,0.00036568867,0,0.0027383699,337.14170807626573,878.5971821824288,2614,8825.116,3.1591249,484.56525,0.17317702,11953.747,4.3708954,0,,,,,337.14170807626573,0.00042624408,878.5971821824288,0.00041677148,-0.011859552,0.045559168
0.99990547,0.00036575354,0,0.0027391177,337.14292097301734,878.597960893492,2615,8824.194,3.158977,484.17917,0.17315966,11951.374,4.3716707,0,,,,,337.14292097301734,0.0004260674,878.597960893492,0.00041665274,-0.011957481,0.045675665
0.9998023,0.00036567354,0,0.0027398653,337.1421405131995,878.5976259395455,2616,8825.007,3.159026,484.2837,0.1731711,11950.141,4.370714,0,,,,,337.1421405131995,0.00042623066,878.5976259395455,0.00041678015,-0.011815613,0.046024065
1.0004125,0.00036576373,0,0.002740613,337.1433234472241,878.5984699247549,2617,8829.197,3.1594853,484.61108,0.17298894,11957.435,4.3717923,0,,,,,337.1433234472241,0.00042592647,878.5984699247549,0.00041651996,-0.012023643,0.045732483
0.9999375,0.00036572458,0,0.00274136,337.1420427020887,878.5974759911812,2618,8825.798,3.1591237,484.4883,0.17328799,11951.757,4.3713245,0,,,,,337.1420427020887,0.00042611593,878.5974759911812,0.000416661,-0.012094576,0.046075176
1.0000063,0.00036564807,0,0.0027421073,337.14223070491744,878.5974222622997,2619,8824.779,3.1589756,485.06024,0.17295142,11952.579,4.37041,0,,,,,337.14223070491744,0.00042609335,878.5974222622997,0.00041663274,-0.011758942,0.045462828
1.0005964,0.0003657275,0,0.002742854,337.14199060397004,878.5980673877065,2620,8830.929,3.1596856,484.36234,0.17322141,11959.633,4.3713593,0,,,,,337.14199060397004,0.00042613014,878.5980673877065,0.00041663885,-0.012126447,0.045959298
0.9989848,0.00036541597,0,0.0027436006,337.14173723077903,878.5987125698625,2621,8818.86,3.158365,484.72018,0.17320493,11940.37,4.3676357,0,,,,,337.14173723077903,0.0004265675,878.5987125698625,0.00041706595,-0.0123839,0.046314374
0.99992645,0.00036558902,0,0.002744347,337.1415402031573,878.598338098416,2622,8827.53,3.1591496,484.62216,0.17327118,11951.625,4.3697042,0,,,,,337.1415402031573,0.0004262323,878.598338098416,0.00041678545,-0.012536458,0.046585314
0.9993654,0.00036565494,0,0.0027450933,337.14170611169595,878.5990619136155,2623,8824.837,3.1590881,484.8665,0.17299351,11944.919,4.370492,0,,,,,337.14170611169595,0.00042628055,878.5990619136155,0.0004168203,-0.0120103145,0.046917282
0.99973154,0.00036557726,0,0.002745839,337.1424675296954,878.5980903517603,2624,8826.349,3.159062,484.41403,0.17302926,11949.295,4.3695636,0,,,,,337.1424675296954,0.00042599184,878.5980903517603,0.0004165391,-0.012430173,0.04659297
1.0001091,0.00036553893,0,0.0027465848,337.1416882321513,878.5983535370599,2625,8828.667,3.159386,484.2966,0.17318721,11953.808,4.3691053,0,,,,,337.1416882321513,0.00042637953,878.5983535370599,0.00041677718,-0.012575925,0.046549875
0.99989223,0.0003654728,0,0.0027473303,337.1412072231459,878.5986357308914,2626,8826.816,3.1593611,484.6828,0.1732364,11951.216,4.368315,0,,,,,337.1412072231459,0.00042631206,878.5986357308914,0.0004167602,-0.012484954,0.046117794
0.9995943,0.00036565826,0,0.0027480756,337.1411533040135,878.5991781612986,2627,8825.878,3.1591356,484.81824,0.17310666,11947.654,4.3705316,0,,,,,337.1411533040135,0.00042619792,878.5991781612986,0.0004166888,-0.012535842,0.046868425
0.9995626,0.00036568032,16,0.0027488207,337.1423496440383,878.5985976006839,2628,8826.36,3.159206,484.96124,0.17296968,11947.276,4.3707952,16,,,,,337.1423496440383,0.0004265433,878.5985976006839,0.00041708362,-0.012059469,0.04696187
1.000038,0.00036566844,16,0.0027495655,337.14186863819896,878.5985205651323,2629,8829.433,3.159425,484.57382,0.17301041,11952.958,4.3706536,16,,,,,337.14186863819896,0.000426146,878.5985205651323,0.00041663225,-0.0121167,0.046663575
0.99992245,0.0003656661,16,0.0027503103,337.1423285005377,878.5988882188863,2630,8829.87,3.1594853,484.207,0.1731802,11951.577,4.3706255,16,,,,,337.1423285005377,0.0004262238,878.5988882188863,0.00041687966,-0.012088219,0.0470766
1.0001973,0.0003654529,16,0.0027510547,337.1415972443973,878.5986008493693,2631,8830.536,3.159405,483.65704,0.17298836,11954.861,4.3680773,16,,,,,337.1415972443973,0.000425889,878.5986008493693,0.00041638,-0.012341411,0.0465822
0.99978554,0.0003657051,16,0.0027517988,337.14117037983715,878.5986306872611,2632,8827.443,3.1592321,484.67584,0.17314649,11949.94,4.371092,16,,,,,337.14117037983715,0.00042634786,878.5986306872611,0.00041683036,-0.012235466,0.046896376
0.999513,0.00036572723,16,0.0027525427,337.14208431225666,878.5988353923938,2633,8825.178,3.1592312,484.10324,0.1729995,11946.683,4.371356,16,,,,,337.14208431225666,0.00042631905,878.5988353923938,0.00041678615,-0.011955032,0.04674322
1.000065,0.0003657358,16,0.0027532866,337.14177256921863,878.5984964813241,2634,8829.9375,3.1595387,485.1571,0.17318083,11953.28,4.3714585,16,,,,,337.14177256921863,0.00042596683,878.5984964813241,0.0004165541,-0.011691493,0.047033284
1.0002058,0.00036580465,16,0.00275403,337.14129138843884,878.5992369748839,2635,8832.278,3.1598706,484.6743,0.17305502,11954.964,4.3722816,16,,,,,337.14129138843884,0.0004264156,878.5992369748839,0.00041690381,-0.011376353,0.047086224
0.99967766,0.00036570668,16,0.0027547735,337.14191462858463,878.5989203336121,2636,8827.024,3.1592324,484.46548,0.17304157,11948.651,4.3711104,16,,,,,337.14191462858463,0.00042632967,878.5989203336121,0.00041684922,-0.0117200045,0.046910595
1.000259,0.00036573663,16,0.0027555164,337.14227024560137,878.5992378727278,2637,8832.131,3.1597204,484.59415,0.1731772,11955.6,4.3714685,16,,,,,337.14227024560137,0.00042616288,878.5992378727278,0.00041670245,-0.011751371,0.047038816
0.99991035,0.00036563558,16,0.0027562594,337.1416030389765,878.5996947812147,2638,8828.61,3.1593182,484.3693,0.17321612,11951.433,4.3702607,16,,,,,337.1416030389765,0.00042585083,878.5996947812147,0.0004163888,-0.012071856,0.046973
0.9999077,0.00036570674,16,0.0027570021,337.1415107609064,878.5993854846257,2639,8830.947,3.1595752,485.06198,0.17318016,11951.4,4.3711114,16,,,,,337.1415107609064,0.000426264,878.5993854846257,0.00041679194,-0.011722655,0.047486242
0.9997748,0.00036555927,16,0.0027577444,337.14175098882635,878.5993238707753,2640,8830.32,3.159633,483.88913,0.17317402,11949.8125,4.3693485,16,,,,,337.14175098882635,0.00042642138,878.5993238707753,0.0004169469,-0.011786706,0.047195468
1.0005497,0.00036565078,16,0.0027584867,337.142193334937,878.6003016994283,2641,8837.052,3.1601338,483.5395,0.17311695,11959.073,4.3704424,16,,,,,337.142193334937,0.00042587952,878.6003016994283,0.00041641376,-0.011909136,0.046929978
0.9997627,0.0003656693,16,0.0027592287,337.14119571240707,878.5991934298997,2642,8830.372,3.1595626,483.7253,0.17318551,11949.668,4.3706636,16,,,,,337.14119571240707,0.00042616177,878.5991934298997,0.0004167088,-0.012233873,0.047313087
0.9991203,0.00036560776,16,0.0027599705,337.1402735599379,878.5983512947882,2643,8822.84,3.1587338,483.54102,0.1730627,11941.989,4.3699284,16,,,,,337.1402735599379,0.00042641154,878.5983512947882,0.00041691598,-0.012715485,0.046785396
1.0006634,0.00036577755,16,0.002760712,337.14171485822675,878.5992360568856,2644,8838.176,3.1601825,483.91953,0.17316487,11960.433,4.371958,16,,,,,337.14171485822675,0.00042595775,878.5992360568856,0.00041649738,-0.012330874,0.04716702
1.0004696,0.00036587132,16,0.0027614534,337.1422795069151,878.599643633479,2645,8836.246,3.1599948,483.78778,0.1733023,11958.116,4.3730783,16,,,,,337.1422795069151,0.0004257822,878.599643633479,0.00041628498,-0.012285729,0.047416773
0.9998502,0.0003657039,16,0.0027621943,337.14167331528245,878.5995117415031,2646,8832.322,3.1597466,484.41306,0.17312008,11950.714,4.371077,16,,,,,337.14167331528245,0.00042621556,878.5995117415031,0.0004167533,-0.0119546,0.047934543
1.0002356,0.00036562825,16,0.0027629354,337.1421253230459,878.5995526908698,2647,8834.85,3.159972,484.33936,0.17304215,11955.319,4.370173,16,,,,,337.1421253230459,0.00042611314,878.5995526908698,0.0004166496,-0.012045782,0.047411192
1.0004941,0.00036553585,16,0.002763676,337.14140667493643,878.5998533927526,2648,8836.571,3.1601627,484.1147,0.1731571,11958.41,4.3690686,16,,,,,337.14140667493643,0.000425919,878.5998533927526,0.00041647026,-0.012559556,0.047882885
0.9996382,0.00036546425,16,0.0027644164,337.1415911229026,878.5998417774663,2649,8829.365,3.1593652,484.04077,0.1731562,11948.18,4.3682127,16,,,,,337.1415911229026,0.00042613837,878.5998417774663,0.00041665178,-0.01244769,0.047731128
0.9996236,0.00036556972,16,0.0027651566,337.1414463855934,878.6001590539273,2650,8829.351,3.1594193,483.52612,0.1731776,11948.005,4.3694735,16,,,,,337.1414463855934,0.0004261358,878.6001590539273,0.0004166567,-0.012230797,0.0479551
1.0000751,0.00036552767,16,0.0027658965,337.1411499756991,878.6002122811365,2651,8833.368,3.159792,484.03397,0.17304264,11953.401,4.368971,16,,,,,337.1411499756991,0.00042628896,878.6002122811365,0.00041668548,-0.012103154,0.04791182
1.0004275,0.00036577173,16,0.0027666364,337.1418128570432,878.6004189228222,2652,8837.63,3.1603484,484.4838,0.1732334,11957.613,4.371888,16,,,,,337.1418128570432,0.0004260726,878.6004189228222,0.00041658108,-0.011861624,0.048035298
1.0002041,0.0003654925,16,0.002767376,337.1414012544021,878.5994074880084,2653,8836.629,3.1601343,484.15707,0.17308149,11954.943,4.368551,16,,,,,337.1414012544021,0.0004262158,878.5994074880084,0.00041679418,-0.012030708,0.04813075
0.9987939,0.00036565916,16,0.0027681151,337.1416852801979,878.5999998596642,2654,8824.629,3.1588736,484.45108,0.17295268,11938.088,4.3705425,16,,,,,337.1416852801979,0.00042658826,878.5999998596642,0.00041714203,-0.01190915,0.047826067
0.99987525,0.00036573716,16,0.0027688544,337.14235426319766,878.6017953590234,2655,8836.305,3.160078,483.24527,0.1734417,11951.013,4.3714747,16,,,,,337.14235426319766,0.00042604073,878.6017953590234,0.00041643198,-0.012189806,0.04887763
1.0008519,0.0003654532,16,0.0027695931,337.14184558370516,878.6019129190286,2656,8844.348,3.1608903,484.33215,0.1729903,11962.686,4.3680806,16,,,,,337.14184558370516,0.00042582568,878.6019129190286,0.00041635384,-0.012916041,0.049126256
0.99980086,0.00036533797,16,0.002770332,337.1407387281971,878.6007882945478,2657,8834.511,3.1597753,483.66064,0.17322716,11950.124,4.3667035,16,,,,,337.1407387281971,0.0004261604,878.6007882945478,0.00041657823,-0.012990874,0.048632145
1.0000756,0.00036530686,16,0.0027710702,337.1408775647009,878.6019130874356,2658,8837.519,3.1601415,483.93042,0.17301033,11953.407,4.3663316,16,,,,,337.1408775647009,0.0004261109,878.6019130874356,0.00041656566,-0.013632005,0.04926884
0.99996144,0.00036506876,16,0.0027718085,337.1402116912357,878.6020424728936,2659,8837.3,3.1601396,483.77426,0.17316552,11952.043,4.363486,16,,,,,337.1402116912357,0.00042608767,878.6020424728936,0.00041643687,-0.014201689,0.049433526
1.0003669,0.0003650381,16,0.0027725466,337.1414557599057,878.6028666235981,2660,8842.033,3.160641,483.94046,0.17315173,11956.89,4.3631196,16,,,,,337.1414557599057,0.00042598005,878.6028666235981,0.00041639665,-0.014260501,0.049981765
0.99978566,0.0003651602,16,0.0027732842,337.1411415166438,878.6028131409915,2661,8836.423,3.1601074,484.22458,0.17307355,11949.942,4.3645787,16,,,,,337.1411415166438,0.00042633107,878.6028131409915,0.0004167921,-0.013898505,0.049665738
1.0005995,0.00036538605,16,0.0027740218,337.140210500909,878.6024101403976,2662,8844.264,3.1607144,483.73907,0.17297861,11959.669,4.367278,16,,,,,337.140210500909,0.0004259823,878.6024101403976,0.00041643388,-0.0141662825,0.0502173
0.9993363,0.00036531017,16,0.0027747592,337.1407370387572,878.6028890003486,2663,8833.331,3.1596985,483.79614,0.17307517,11944.571,4.366371,16,,,,,337.1407370387572,0.00042632932,878.6028890003486,0.00041669118,-0.01415576,0.050098587
0.9999906,0.00036515022,16,0.0027754963,337.14036021728157,878.6036299127778,2664,8841.024,3.1605215,483.67578,0.17303021,11952.392,4.3644595,16,,,,,337.14036021728157,0.0004263193,878.6036299127778,0.00041675678,-0.013996758,0.05065324
0.9997913,0.0003653812,16,0.0027762332,337.1401122700187,878.6034067798494,2665,8840.062,3.1604064,483.7856,0.17313398,11950.01,4.36722,16,,,,,337.1401122700187,0.00042583188,878.6034067798494,0.00041625014,-0.013836673,0.050760567
0.9999215,0.00036534987,16,0.00277697,337.1398578074661,878.6039303466576,2666,8840.502,3.160437,483.5842,0.17288625,11951.565,4.3668456,16,,,,,337.1398578074661,0.00042608,878.6039303466576,0.00041646644,-0.013842427,0.050520975
0.9986119,0.0003645581,16,0.0027777064,337.1398981362818,878.6028733971202,2667,8829.926,3.1593883,483.8867,0.17309701,11935.913,4.3573823,16,,,,,337.1398981362818,0.00042659143,878.6028733971202,0.00041696473,-0.014430914,0.050824456
1.0001383,0.0003650255,16,0.0027784426,337.1404041477538,878.6031091711387,2668,8839.839,3.1604366,483.49106,0.17295367,11954.156,4.362969,16,,,,,337.1404041477538,0.00042623613,878.6031091711387,0.0004166644,-0.014344544,0.04999652
1.0000696,0.00036468194,16,0.0027791786,337.14028801515667,878.6027321204898,2669,8839.465,3.1603632,483.91196,0.17300312,11953.336,4.3588624,16,,,,,337.14028801515667,0.0004264328,878.6027321204898,0.0004167993,-0.014323198,0.050022405
0.99990565,0.0003649942,16,0.0027799143,337.14084854307583,878.6033296050916,2670,8839.107,3.1602113,483.16956,0.17321433,11951.376,4.3625946,16,,,,,337.14084854307583,0.00042589486,878.6033296050916,0.00041635998,-0.013870492,0.04992534
1.0002152,0.0003651003,16,0.0027806498,337.14037512024214,878.6026868994978,2671,8840.7295,3.1603994,483.378,0.17316441,11955.076,4.363863,16,,,,,337.14037512024214,0.00042616538,878.6026868994978,0.00041657305,-0.013590555,0.049640987
1.0000925,0.00036501398,16,0.002781385,337.140853749705,878.603733647822,2672,8841.618,3.1605608,484.24905,0.17299366,11953.609,4.362831,16,,,,,337.140853749705,0.00042585854,878.603733647822,0.00041641292,-0.013470795,0.050200045
0.9994696,0.00036549493,16,0.0027821201,337.14121395855904,878.6032253326044,2673,8837.324,3.1601627,483.82202,0.17318037,11946.164,4.3685794,16,,,,,337.14121395855904,0.0004261968,878.6032253326044,0.0004167261,-0.012676279,0.050065894
0.9997396,0.00036541815,16,0.0027828552,337.14104315231816,878.603438802315,2674,8841.536,3.1605566,483.41748,0.17326024,11949.392,4.367662,16,,,,,337.14104315231816,0.00042591066,878.603438802315,0.00041648114,-0.012690404,0.050707188
1.000899,0.00036544856,16,0.0027835898,337.14017070975586,878.6019880278201,2675,8847.7295,3.161307,484.26465,0.17301218,11963.248,4.3680253,16,,,,,337.14017070975586,0.00042585787,878.6019880278201,0.0004162377,-0.01315988,0.049566254
0.9997014,0.00036536466,16,0.002784324,337.14114098746836,878.6031292850031,2676,8838.642,3.1603358,484.06982,0.17304191,11948.935,4.3670225,16,,,,,337.14114098746836,0.00042622944,878.6031292850031,0.00041668076,-0.012690499,0.05015999
0.9997796,0.0003654099,16,0.0027850585,337.14135641593515,878.6026110058801,2677,8838.6045,3.1602776,483.3121,0.1731282,11949.869,4.3675632,16,,,,,337.14135641593515,0.00042631468,878.6026110058801,0.0004167986,-0.012804944,0.049823187
1.0001512,0.00036537787,16,0.0027857923,337.14154007496137,878.603078268005,2678,8844.262,3.1608741,484.2952,0.17301232,11954.311,4.3671803,16,,,,,337.14154007496137,0.0004261008,878.603078268005,0.00041660704,-0.012354387,0.05008323
0.99912375,0.00036519227,16,0.002786526,337.1408612848718,878.6038248978507,2679,8834.64,3.159954,483.6897,0.1731939,11942.03,4.364962,16,,,,,337.1408612848718,0.00042637062,878.6038248978507,0.00041689616,-0.012710079,0.05019398
0.9994401,0.00036545808,16,0.0027872596,337.14083831367157,878.6024128764849,2680,8835.788,3.1599596,483.29333,0.17319396,11945.812,4.3681393,16,,,,,337.14083831367157,0.0004261365,878.6024128764849,0.00041666426,-0.012692711,0.04955092
0.999535,0.00036504812,16,0.0027879928,337.1401371815627,878.603431466606,2681,8836.856,3.1600726,482.88495,0.17312229,11946.946,4.3632393,16,,,,,337.1401371815627,0.00042627653,878.603431466606,0.0004167545,-0.013035798,0.049921818
1.0003519,0.00036526285,16,0.002788726,337.1409630626139,878.6015141754153,2682,8843.128,3.1607602,483.62253,0.17307864,11956.71,4.3658056,16,,,,,337.1409630626139,0.0004259684,878.6015141754153,0.0004164488,-0.012864683,0.049117703
0.99984664,0.0003653633,16,0.002789459,337.1407003398716,878.6023577282305,2683,8839.801,3.160384,483.51428,0.172993,11950.671,4.3670063,16,,,,,337.1407003398716,0.0004261911,878.6023577282305,0.00041665646,-0.012763785,0.050015356
1.0001458,0.000365337,16,0.0027901914,337.14080341699116,878.6037616659344,2684,8844.269,3.1607757,483.28958,0.1730811,11954.246,4.366692,16,,,,,337.14080341699116,0.00042615004,878.6037616659344,0.0004166608,-0.012464303,0.050170787
1.0001606,0.00036539818,16,0.002790924,337.14206308727677,878.6028768531746,2685,8845.549,3.1609886,483.6264,0.17324294,11954.423,4.367423,16,,,,,337.14206308727677,0.00042601483,878.6028768531746,0.00041656586,-0.012088156,0.050318234
1.0008203,0.00036505432,16,0.0027916562,337.14125401701773,878.6045849166217,2686,8851.836,3.1614752,483.10706,0.17304091,11962.309,4.363313,16,,,,,337.14125401701773,0.0004257932,878.6045849166217,0.00041632794,-0.011711346,0.050735213
0.99967974,0.00036504722,16,0.002792388,337.1412495519548,878.6033691464214,2687,8841.502,3.1605117,483.57245,0.17302814,11948.676,4.3632283,16,,,,,337.1412495519548,0.00042633363,878.6033691464214,0.0004168175,-0.012357948,0.05042952
0.9998435,0.00036496355,16,0.0027931198,337.14142753964876,878.6037615108758,2688,8842.785,3.1605783,483.8778,0.173123,11950.633,4.3622284,16,,,,,337.14142753964876,0.0004261907,878.6037615108758,0.00041667765,-0.012416086,0.05071239
0.99992085,0.0003654294,16,0.0027938513,337.14148336688345,878.6037540843897,2689,8842.514,3.1606007,483.36023,0.17326388,11951.558,4.3677964,16,,,,,337.14148336688345,0.00042615118,878.6037540843897,0.0004166399,-0.012143743,0.050085176
0.999576,0.0003651122,16,0.0027945826,337.14082189183375,878.6037195092428,2690,8841.8545,3.1605532,483.0032,0.17304131,11947.436,4.364005,16,,,,,337.14082189183375,0.0004259479,878.6037195092428,0.00041643553,-0.012697414,0.051092174
1.0001208,0.00036531547,16,0.0027953137,337.14163084813214,878.6041850523562,2691,8846.914,3.1608841,482.8755,0.17319925,11953.947,4.3664346,16,,,,,337.14163084813214,0.00042590447,878.6041850523562,0.00041645436,-0.012777671,0.051179804
1.0004172,0.0003650962,16,0.0027960446,337.1401975773354,878.6041123522489,2692,8849.643,3.1611907,483.48694,0.17307743,11957.49,4.363814,16,,,,,337.1401975773354,0.00042573374,878.6041123522489,0.00041621187,-0.012765899,0.051072847
0.99953014,0.00036469867,16,0.0027967752,337.14032219260014,878.6046436164522,2693,8843.215,3.160748,483.8645,0.17308912,11946.888,4.359062,16,,,,,337.14032219260014,0.00042607557,878.6046436164522,0.0004166498,-0.0128586,0.051807303
0.9996673,0.0003649957,16,0.0027975056,337.14118385937104,878.6048366855853,2694,8842.966,3.1605906,482.9891,0.17302814,11948.527,4.3626127,16,,,,,337.14118385937104,0.0004261922,878.6048366855853,0.00041668772,-0.01300708,0.051300462
0.9998969,0.00036487464,16,0.0027982357,337.14104592300794,878.6045150047729,2695,8845.496,3.160888,483.1513,0.17312536,11951.271,4.3611655,16,,,,,337.14104592300794,0.00042595156,878.6045150047729,0.0004164784,-0.012981919,0.05144087
0.99919516,0.00036528136,16,0.0027989657,337.14041932484173,878.6039574023932,2696,8838.892,3.1602328,483.2011,0.17305213,11942.884,4.366027,16,,,,,337.14041932484173,0.0004263674,878.6039574023932,0.0004168422,-0.012819286,0.0510745
0.9997276,0.00036503552,16,0.0027996954,337.141432318508,878.6041952526739,2697,8845.048,3.1608267,483.0899,0.17312314,11949.248,4.3630886,16,,,,,337.141432318508,0.0004259806,878.6041952526739,0.00041649968,-0.012429707,0.051552802
1.000514,0.00036498974,16,0.0028004248,337.1420990831128,878.6052773470838,2698,8852.482,3.161552,482.591,0.17328024,11958.648,4.362541,16,,,,,337.1420990831128,0.00042564355,878.6052773470838,0.00041616953,-0.012372495,0.051879603
1.0004884,0.0003650861,16,0.002801154,337.14174658635704,878.6048019078655,2699,8851.916,3.1614735,482.92493,0.17317247,11958.341,4.363693,16,,,,,337.14174658635704,0.00042563403,878.6048019078655,0.00041624313,-0.012138442,0.051536396
1.0000772,0.00036494364,16,0.002801883,337.1412986556806,878.6049552695151,2700,8849.429,3.1612852,483.15808,0.17317417,11953.427,4.3619905,16,,,,,337.1412986556806,0.0004259965,878.6049552695151,0.0004165696,-0.012468518,0.051970404
0.99974155,0.00036509905,16,0.0028026118,337.1406188401842,878.6052249760106,2701,8846.259,3.1610408,483.63806,0.17317456,11949.415,4.3638477,16,,,,,337.1406188401842,0.00042632394,878.6052249760106,0.00041680026,-0.012401375,0.051726542
0.9998329,0.00036487472,16,0.0028033406,337.13963560315995,878.604614636839,2702,8846.018,3.1608236,482.60382,0.17305395,11950.507,4.3611665,16,,,,,337.13963560315995,0.00042598924,878.604614636839,0.0004164923,-0.012975677,0.05173303
0.9998231,0.00036512123,16,0.0028040688,337.14147511379025,878.6039338434699,2703,8845.513,3.1607704,482.5938,0.17298031,11950.39,4.364113,16,,,,,337.14147511379025,0.00042579186,878.6039338434699,0.0004163304,-0.012328636,0.051390417
0.9998138,0.00036477786,16,0.002804797,337.1405357481471,878.6060443090198,2704,8848.79,3.1612904,482.8659,0.17305803,11950.278,4.3600087,16,,,,,337.1405357481471,0.00042601055,878.6060443090198,0.00041646606,-0.012074787,0.05239881
0.99986947,0.00036474087,16,0.002805525,337.1413048472561,878.6054294722763,2705,8848.713,3.1611445,483.3698,0.17315182,11950.943,4.3595667,16,,,,,337.1413048472561,0.0004258255,878.6054294722763,0.00041632107,-0.012239002,0.05216294
1.0005504,0.00036380958,0,0.00280698,337.14122109911034,878.6057882278019,2707,8856.699,3.161979,482.84152,0.17311512,11959.082,4.3484354,0,,,,,337.14122109911034,0.00042564288,878.6057882278019,0.00041626763,-0.011572273,0.052485123
1.0001552,0.0003648831,0,0.0028077073,337.14212967148285,878.6053639925159,2708,8850.38,3.1612635,483.5023,0.17316352,11954.358,4.3612666,0,,,,,337.14212967148285,0.00042607755,878.6053639925159,0.00041661572,-0.011426523,0.051650546
1.000451,0.000364417,0,0.0028084342,337.14217865220525,878.6063720735754,2709,8855.455,3.161901,483.09244,0.17303972,11957.894,4.3556957,0,,,,,337.14217865220525,0.00042549853,878.6063720735754,0.0004160624,-0.01126554,0.052492257
1.0004678,0.00036491454,0,0.002809161,337.1420903789351,878.6056037235255,2710,8854.688,3.1618237,482.65262,0.17319785,11958.096,4.3616424,0,,,,,337.1420903789351,0.0004256956,878.6056037235255,0.00041636918,-0.01158667,0.05214258
1.0000869,0.00036457152,0,0.0028098875,337.141451375827,878.606082436228,2711,8852.699,3.1616306,483.08127,0.1730881,11953.543,4.3575425,0,,,,,337.141451375827,0.000426068,878.606082436228,0.0004166033,-0.011494676,0.052539486
0.99964696,0.00036436963,0,0.002810614,337.1409436682654,878.6066249632839,2712,8849.001,3.1613371,483.36603,0.17291413,11948.284,4.3551292,0,,,,,337.1409436682654,0.0004261192,878.6066249632839,0.00041663225,-0.011840951,0.052695744
0.9988042,0.00036475272,0,0.00281134,337.14063119787824,878.6060197580949,2713,8842.433,3.1606467,483.19254,0.17284146,11938.211,4.3597083,0,,,,,337.14063119787824,0.00042637505,878.6060197580949,0.00041689206,-0.012069164,0.052734684
0.99984133,0.0003648578,0,0.0028120659,337.1413594422366,878.6063503370365,2714,8851.307,3.1613998,483.1198,0.1730604,11950.607,4.3609643,0,,,,,337.1413594422366,0.00042583916,878.6063503370365,0.00041640564,-0.012243409,0.052946456
0.99977475,0.00036509937,0,0.0028127914,337.141353939328,878.6064950163465,2715,8850.0,3.1613936,483.08826,0.17333274,11949.812,4.3638515,0,,,,,337.141353939328,0.00042619556,878.6064950163465,0.00041667873,-0.012166167,0.05255507
0.99980086,0.0003648911,0,0.0028135169,337.1409697500679,878.6063650394938,2716,8850.751,3.1613593,483.35632,0.17324875,11950.124,4.3613625,0,,,,,337.1409697500679,0.0004261551,878.6063650394938,0.00041664753,-0.0121546965,0.052816063
1.0003357,0.00036504745,0,0.0028142422,337.14055972390275,878.6067685562879,2717,8855.592,3.1619563,483.5335,0.1732193,11956.517,4.363231,0,,,,,337.14055972390275,0.0004260615,878.6067685562879,0.0004165194,-0.012105084,0.052764527
0.99989337,0.00036476337,0,0.002814967,337.1409112219101,878.6069008279754,2718,8851.855,3.161711,483.37473,0.17300203,11951.2295,4.3598356,0,,,,,337.1409112219101,0.00042594795,878.6069008279754,0.000416479,-0.012002148,0.052957512
1.0005182,0.00036424203,0,0.0028156918,337.1411975456455,878.6071994370916,2719,8859.61,3.1622255,483.10822,0.17304985,11958.697,4.3536043,0,,,,,337.1411975456455,0.00042583945,878.6071994370916,0.00041642753,-0.011954612,0.05352253
0.99947214,0.0003646787,0,0.0028164163,337.1405277981153,878.6066110374633,2720,8848.334,3.1611476,483.27444,0.17331214,11946.194,4.358824,0,,,,,337.1405277981153,0.00042611832,878.6066110374633,0.00041659153,-0.012668109,0.052983806
1.0004869,0.0003648895,0,0.0028171407,337.1409077055094,878.6064919761665,2721,8856.924,3.1619427,482.70834,0.173136,11958.323,4.3613434,0,,,,,337.1409077055094,0.0004257073,878.6064919761665,0.00041624715,-0.012983224,0.053130623
1.0002328,0.00036493273,0,0.0028178645,337.13949363944454,878.6071309385302,2722,8855.416,3.1618934,483.28687,0.17302813,11955.287,4.36186,0,,,,,337.13949363944454,0.00042623407,878.6071309385302,0.00041660303,-0.012669817,0.05327117
0.99960077,0.00036494274,0,0.0028185884,337.14032590545776,878.6062312434372,2723,8849.232,3.1612146,483.00443,0.1731692,11947.732,4.3619795,0,,,,,337.14032590545776,0.0004260278,878.6062312434372,0.00041649264,-0.012929426,0.052954726
0.9998384,0.00036472324,0,0.002819312,337.1408948759125,878.606980156495,2724,8852.788,3.1615515,482.91766,0.17314558,11950.572,4.359356,0,,,,,337.1408948759125,0.0004259454,878.606980156495,0.00041642634,-0.012739728,0.053184383
1.0001858,0.0003647847,0,0.0028200354,337.14063829187353,878.60777678,2725,8854.927,3.1616724,482.677,0.1730741,11954.726,4.3600907,0,,,,,337.14063829187353,0.0004261405,878.60777678,0.00041666397,-0.012792036,0.05324914
0.9998594,0.00036416823,0,0.0028207586,337.1404629014921,878.608222480235,2726,8853.934,3.1616573,482.54764,0.17304286,11950.823,4.352722,0,,,,,337.1404629014921,0.0004258234,878.608222480235,0.00041634825,-0.012948754,0.0538911
1.0002843,0.00036483063,0,0.0028214816,337.14166845404725,878.6073262369316,2727,8857.179,3.1619473,482.59274,0.17298879,11955.902,4.3606396,0,,,,,337.14166845404725,0.0004258209,878.6073262369316,0.00041636796,-0.0126304515,0.053616274
0.9998656,0.00036435557,0,0.0028222043,337.1397934774891,878.6079438702893,2728,8853.463,3.1616948,482.9389,0.1730242,11950.897,4.3549614,0,,,,,337.1397934774891,0.0004263171,878.6079438702893,0.00041677547,-0.01300705,0.05400142
1.0011417,0.00036518282,0,0.0028229267,337.14014784879885,878.606545802372,2729,8863.171,3.1624901,482.02576,0.17320813,11966.15,4.364849,0,,,,,337.14014784879885,0.0004255029,878.606545802372,0.0004159704,-0.012937284,0.05316142
0.999706,0.00036446066,0,0.002823649,337.14032586360037,878.6070394186264,2730,8852.192,3.1616392,484.077,0.17295401,11948.989,4.3562174,0,,,,,337.14032586360037,0.00042617286,878.6070394186264,0.00041660873,-0.012849231,0.053640924
1.0001048,0.00036410568,0,0.0028243707,337.1412117820686,878.6080272249387,2731,8857.122,3.1620085,482.8915,0.17306246,11953.757,4.3519745,0,,,,,337.1412117820686,0.00042571183,878.6080272249387,0.00041624135,-0.012358425,0.053924516
1.0004832,0.00036440982,0,0.0028250925,337.1416488756223,878.6078604043706,2732,8859.713,3.1622071,482.83698,0.17300574,11958.278,4.35561,0,,,,,337.1416488756223,0.00042553604,878.6078604043706,0.0004161018,-0.012364228,0.05355546
1.0000749,0.00036419576,0,0.0028258143,337.14016902961754,878.6072998072593,2733,8857.013,3.161936,482.50693,0.17312883,11953.399,4.353051,0,,,,,337.14016902961754,0.0004259627,878.6072998072593,0.00041642273,-0.012980708,0.05400041
0.999955,0.00036483904,0,0.0028265356,337.1400346624526,878.6082031691908,2734,8855.545,3.1617565,482.71875,0.17309244,11951.966,4.36074,0,,,,,337.1400346624526,0.00042614498,878.6082031691908,0.00041661062,-0.013132602,0.053844515
0.99977595,0.00036444693,0,0.0028272567,337.1405578784121,878.6084059776899,2735,8854.132,3.161602,483.30032,0.17303772,11949.826,4.3560534,0,,,,,337.1405578784121,0.0004261129,878.6084059776899,0.00041654808,-0.013099925,0.054077573
1.0002946,0.00036479233,0,0.0028279775,337.14038372985124,878.6081545160171,2736,8857.795,3.162102,482.70242,0.1729998,11956.024,4.360182,0,,,,,337.14038372985124,0.00042594617,878.6081545160171,0.0004164195,-0.013206023,0.053872988
1.0002553,0.0003640452,0,0.0028286981,337.141135255349,878.6079368238342,2737,8858.585,3.1621728,483.16458,0.17296806,11955.557,4.3512516,0,,,,,337.141135255349,0.00042571846,878.6079368238342,0.00041626158,-0.0132242,0.054288536
0.99990684,0.00036303786,0,0.0028294185,337.14132865551426,878.6089424126669,2738,8857.554,3.159533,482.56564,0.17301452,11951.391,4.3392115,0,,,,,337.14132865551426,0.00042587027,878.6089424126669,0.0004164391,-0.013118717,0.05493504
1.0004457,0.0003643573,0,0.0028301387,337.139366618269,878.6083240060615,2739,8859.429,3.162195,482.90753,0.17292921,11957.832,4.3549824,0,,,,,337.139366618269,0.00042613968,878.6083240060615,0.00041654558,-0.013887885,0.054422382
0.9999583,0.00036350582,0,0.0028308586,337.1391494160691,878.6096682716216,2740,8857.359,3.1596239,482.48557,0.1729813,11952.005,4.344805,0,,,,,337.1391494160691,0.0004263102,878.6096682716216,0.0004166651,-0.0138724595,0.055518623
1.0003554,0.00036422012,0,0.0028315783,337.1398027278993,878.6086047810815,2741,8858.531,3.162025,482.37616,0.17312582,11956.751,4.3533425,0,,,,,337.1398027278993,0.00042600912,878.6086047810815,0.00041641155,-0.014346441,0.054645903
0.9994581,0.0003635217,0,0.002832298,337.14002576642457,878.6081713406405,2742,8851.2,3.1588395,482.46524,0.17304121,11946.026,4.3449945,0,,,,,337.14002576642457,0.00042607836,878.6081713406405,0.00041648356,-0.014786802,0.054915566
0.99994177,0.00036404878,0,0.0028330171,337.1399366554383,878.6098638264095,2743,8859.18,3.1598125,483.05173,0.17293224,11951.808,4.3512945,0,,,,,337.1399366554383,0.0004260059,878.6098638264095,0.00041639898,-0.014370252,0.05566342
